1
2
2
5
6
6
7
7
7
8
8
9
11
12
15
15
16
16
16
16
20
24
24
24
25
25
26
26
27
28
28
28
28
29
29
30
32
32
32
32
33
34
34
35
38
39
39
40
40
41
41
43
44
46
46
47
47
52
55
56
57
58
59
60
60
61
62
66
66
66
67
68
68
69
69
70
71
72
72
73
73
74
75
75
75
75
76
80
80
81
84
85
86
86
87
89
89
90
91
91
93
93
93
94
95
97
99
99
100
102
103
103
103
105
105
106
107
108
110
110
110
110
111
111
112
113
116
116
117
117
118
119
121
123
125
126
126
128
130
132
135
136
137
139
139
140
140
140
141
142
144
144
144
145
148
149
150
151
151
151
152
152
153
153
154
156
158
158
159
161
161
163
163
166
166
166
166
167
168
169
169
170
173
176
177
178
178
178
179
179
181
184
185
185
186
187
187
188
189
190
191
191
193
194
197
199
200
200
201
202
203
203
205
206
212
214
215
217
217
218
218
219
219
220
220
222
223
224
224
225
226
226
229
231
233
234
235
235
235
236
236
242
244
244
244
246
246
246
248
249
251
252
253
253
254
254
255
256
256
257
258
258
260
262
264
264
265
266
271
272
275
275
275
277
277
280
281
283
284
285
285
286
286
287
287
288
288
290
291
291
292
293
293
293
294
295
299
300
300
301
303
307
308
308
309
309
309
309
310
311
311
311
313
313
317
317
318
318
319
320
320
320
322
323
323
324
324
325
326
327
327
329
330
330
331
331
332
333
334
334
336
338
340
340
342
343
343
344
344
344
346
346
348
349
349
349
350
352
353
354
354
355
356
358
358
359
360
360
360
362
364
364
367
369
370
370
370
370
372
373
373
374
374
375
375
376
378
378
378
379
380
380
381
381
382
384
385
385
385
386
387
389
390
391
391
391
392
392
393
394
394
394
395
395
397
398
399
400
401
404
404
404
407
407
407
410
410
411
413
414
414
415
415
415
419
421
422
423
424
426
427
428
430
430
431
431
432
432
433
434
435
436
437
439
442
442
443
443
443
443
444
445
445
446
447
449
450
451
452
453
455
455
457
460
461
461
462
463
464
464
469
470
473
473
474
475
475
475
476
476
477
479
481
482
484
484
486
486
487
488
490
490
492
492
493
496
496
497
498
499
500
500
500
501
501
502
502
503
503
503
506
507
508
509
509
510
510
511
512
513
514
514
515
515
517
517
518
518
518
518
518
519
519
519
521
522
523
523
526
526
527
528
528
530
532
534
534
534
535
537
537
538
540
540
543
543
544
545
547
547
549
551
552
555
555
556
557
557
560
561
561
564
564
564
564
565
567
568
569
571
573
573
573
574
574
575
577
577
577
577
577
577
578
578
578
579
580
580
581
582
584
586
586
586
587
589
589
590
593
595
595
596
596
597
599
599
602
604
604
606
609
611
612
613
614
614
615
615
616
616
619
619
621
621
622
623
623
623
625
627
627
628
629
629
630
630
632
634
634
636
638
641
641
642
643
644
644
644
644
645
645
648
648
650
650
651
651
651
656
657
658
658
658
659
660
660
661
661
662
663
664
665
665
667
668
670
671
671
672
673
674
674
675
677
678
678
679
681
682
685
686
686
687
687
687
687
689
690
693
694
695
697
700
700
704
705
710
710
712
713
713
714
717
718
721
721
721
722
722
725
725
726
726
726
726
728
731
731
733
734
735
735
735
735
735
736
737
738
740
740
743
744
744
745
747
747
747
748
751
751
753
753
754
754
754
756
756
758
759
760
760
760
760
761
762
763
763
764
765
766
768
769
770
771
772
775
775
775
776
776
776
776
776
779
779
781
783
785
786
786
786
788
789
790
790
793
795
796
796
797
800
801
801
801
802
802
803
803
803
804
804
804
808
809
809
811
811
812
813
813
815
819
819
819
823
824
824
825
825
826
826
826
827
827
828
828
828
829
829
829
830
830
831
831
832
832
832
833
834
837
837
838
839
839
839
841
841
842
842
844
845
846
847
848
849
849
850
853
854
854
855
858
860
861
861
861
861
861
862
863
865
866
866
867
868
868
868
870
871
875
877
879
883
884
885
886
886
892
892
894
895
896
896
897
897
898
898
899
900
902
902
903
904
905
905
905
906
907
907
909
909
912
912
914
915
915
916
916
918
918
919
919
920
920
920
920
921
921
921
923
924
927
931
933
934
935
935
937
937
938
939
940
941
941
941
942
943
943
944
944
945
945
948
949
949
950
951
953
953
953
955
955
956
957
958
958
959
960
961
964
966
968
969
969
969
969
969
970
970
970
971
972
972
973
973
973
974
975
976
977
977
977
977
978
979
980
982
982
983
983
984
985
985
988
988
989
991
991
991
995
995
998
1003
1004
1004
1007
1008
1008
1008
1009
1014
1014
1015
1017
1018
1018
1018
1019
1019
1019
1020
1020
1022
1023
1023
1023
1024
1024
1029
1030
1030
1030
1032
1033
1035
1036
1036
1037
1038
1040
1040
1041
1041
1041
1042
1042
1042
1043
1043
1044
1044
1048
1048
1049
1049
1050
1050
1051
1055
1056
1056
1058
1058
1059
1059
1060
1060
1060
1061
1061
1061
1061
1062
1062
1063
1064
1066
1071
1072
1073
1074
1075
1076
1076
1077
1081
1082
1082
1082
1082
1082
1083
1083
1084
1087
1087
1089
1089
1089
1091
1092
1092
1092
1093
1094
1097
1098
1104
1105
1105
1108
1109
1109
1110
1111
1111
1112
1113
1113
1115
1115
1116
1116
1116
1118
1118
1119
1120
1120
1120
1121
1121
1122
1124
1124
1127
1128
1129
1131
1131
1131
1132
1134
1135
1136
1136
1137
1138
1139
1139
1140
1140
1141
1143
1143
1145
1145
1146
1146
1148
1149
1150
1151
1153
1154
1155
1157
1157
1157
1158
1158
1158
1158
1158
1159
1160
1160
1163
1164
1164
1169
1169
1170
1173
1174
1175
1176
1179
1181
1182
1183
1184
1184
1184
1186
1186
1186
1186
1187
1187
1187
1187
1190
1191
1193
1193
1193
1193
1193
1193
1193
1197
1201
1203
1204
1205
1207
1210
1211
1211
1213
1214
1214
1215
1216
1217
1219
1219
1220
1221
1223
1225
1227
1228
1228
1229
1232
1232
1232
1234
1235
1236
1237
1237
1238
1239
1239
1240
1242
1244
1244
1246
1247
1247
1247
1250
1250
1251
1251
1252
1252
1253
1255
1255
1255
1255
1255
1257
1258
1259
1260
1260
1260
1263
1265
1266
1267
1268
1269
1270
1271
1272
1272
1276
1278
1279
1280
1281
1281
1282
1285
1286
1287
1289
1290
1290
1291
1291
1293
1296
1296
1297
1297
1302
1303
1304
1305
1305
1305
1308
1308
1311
1312
1313
1314
1315
1316
1319
1319
1321
1321
1322
1323
1324
1325
1325
1325
1328
1332
1335
1337
1338
1339
1339
1340
1340
1341
1341
1341
1341
1341
1342
1342
1342
1344
1344
1344
1344
1345
1346
1348
1350
1350
1350
1351
1352
1356
1358
1359
1359
1360
1361
1362
1363
1365
1365
1365
1366
1367
1367
1367
1369
1370
1371
1371
1371
1371
1376
1376
1379
1381
1382
1383
1383
1383
1383
1386
1386
1387
1387
1388
1388
1388
1389
1390
1390
1391
1391
1391
1391
1393
1396
1396
1396
1401
1401
1402
1402
1403
1405
1407
1407
1411
1413
1414
1417
1418
1419
1420
1421
1423
1423
1424
1424
1426
1427
1428
1428
1430
1435
1435
1437
1437
1438
1440
1441
1442
1443
1443
1443
1445
1445
1446
1446
1447
1447
1448
1448
1450
1452
1452
1452
1452
1453
1454
1454
1454
1455
1457
1460
1465
1465
1466
1468
1469
1469
1469
1470
1472
1472
1472
1473
1475
1475
1475
1477
1477
1480
1480
1480
1481
1482
1484
1485
1486
1487
1487
1489
1491
1494
1494
1500
1501
1501
1502
1503
1503
1507
1508
1509
1509
1510
1512
1513
1514
1514
1515
1516
1517
1517
1518
1518
1522
1522
1522
1523
1524
1526
1526
1527
1529
1529
1530
1530
1532
1532
1533
1538
1538
1539
1540
1540
1543
1543
1545
1546
1547
1549
1550
1551
1556
1557
1558
1558
1559
1560
1560
1561
1561
1564
1564
1565
1565
1567
1567
1569
1569
1570
1570
1570
1570
1571
1571
1574
1574
1577
1579
1580
1580
1581
1581
1582
1582
1582
1583
1585
1586
1586
1587
1587
1587
1589
1589
1591
1593
1593
1595
1596
1597
1597
1597
1597
1597
1598
1598
1599
1599
1601
1601
1601
1602
1603
1611
1613
1613
1615
1616
1616
1618
1619
1619
1621
1624
1624
1625
1625
1626
1627
1627
1629
1631
1631
1632
1634
1635
1636
1636
1638
1638
1639
1639
1639
1640
1642
1643
1643
1645
1645
1649
1649
1649
1650
1650
1651
1652
1654
1654
1655
1656
1656
1657
1657
1658
1658
1659
1660
1661
1661
1662
1664
1665
1665
1666
1666
1667
1668
1669
1669
1671
1671
1673
1674
1674
1675
1677
1678
1678
1679
1681
1682
1684
1684
1687
1691
1692
1694
1694
1694
1697
1697
1698
1698
1700
1700
1702
1704
1704
1705
1705
1705
1705
1706
1706
1706
1706
1708
1708
1709
1712
1713
1716
1718
1720
1721
1721
1721
1722
1724
1724
1725
1726
1726
1727
1729
1730
1731
1731
1732
1733
1734
1734
1735
1737
1737
1738
1739
1740
1740
1740
1740
1740
1740
1742
1743
1744
1744
1745
1755
1755
1755
1756
1757
1757
1757
1761
1764
1765
1765
1767
1768
1770
1771
1772
1774
1776
1777
1778
1780
1780
1781
1782
1783
1783
1785
1786
1788
1790
1790
1793
1795
1796
1797
1798
1799
1799
1800
1801
1801
1803
1805
1809
1811
1811
1811
1813
1815
1815
1815
1816
1818
1818
1818
1819
1819
1820
1821
1821
1825
1826
1826
1826
1827
1827
1830
1830
1830
1832
1832
1833
1834
1834
1837
1840
1841
1842
1843
1843
1844
1844
1844
1846
1846
1847
1847
1851
1852
1852
1853
1854
1854
1854
1855
1857
1857
1858
1859
1859
1860
1860
1860
1861
1861
1861
1861
1863
1867
1871
1872
1873
1874
1875
1876
1877
1879
1879
1879
1879
1882
1885
1885
1885
1885
1886
1886
1887
1887
1889
1892
1894
1896
1899
1900
1900
1901
1903
1904
1906
1906
1909
1912
1912
1913
1913
1914
1916
1916
1918
1918
1918
1918
1919
1919
1923
1923
1924
1925
1926
1928
1931
1932
1932
1932
1933
1935
1938
1938
1941
1942
1943
1943
1948
1948
1948
1949
1950
1950
1953
1954
1955
1956
1957
1958
1959
1960
1961
1961
1962
1963
1963
1964
1964
1964
1964
1965
1968
1969
1969
1969
1969
1969
1970
1971
1971
1973
1974
1974
1975
1976
1978
1978
1978
1978
1979
1980
1981
1987
1987
1988
1989
1989
1991
1992
1994
1994
1994
1994
1995
1998
1998
1998
1999
1999
2001
2002
2002
2002
2006
2008
2009
2010
2013
2013
2013
2014
2014
2014
2017
2017
2019
2019
2019
2021
2022
2024
2024
2025
2026
2027
2027
2030
2033
2035
2036
2037
2038
2039
2039
2040
2040
2040
2041
2041
2041
2041
2041
2042
2043
2044
2048
2051
2052
2052
2053
2055
2056
2056
2058
2059
2059
2059
2060
2060
2061
2063
2063
2064
2064
2064
2066
2066
2066
2068
2069
2073
2073
2074
2074
2078
2078
2079
2080
2081
2082
2083
2083
2083
2083
2084
2085
2086
2086
2087
2088
2089
2090
2092
2093
2095
2095
2095
2098
2098
2099
2100
2102
2103
2103
2104
2105
2106
2107
2107
2108
2108
2109
2109
2109
2110
2114
2114
2114
2114
2115
2115
2117
2117
2119
2123
2123
2124
2125
2128
2129
2130
2131
2131
2132
2133
2135
2135
2136
2139
2140
2140
2142
2143
2144
2144
2144
2146
2147
2148
2149
2149
2150
2150
2150
2151
2153
2154
2154
2156
2156
2158
2158
2159
2159
2159
2160
2160
2164
2164
2165
2166
2167
2171
2172
2173
2174
2175
2175
2176
2177
2178
2179
2179
2179
2181
2182
2183
2184
2185
2186
2186
2189
2189
2189
2189
2189
2190
2191
2197
2197
2198
2198
2198
2198
2198
2200
2202
2204
2206
2207
2207
2207
2208
2209
2210
2210
2211
2211
2211
2215
2217
2218
2219
2220
2220
2221
2221
2221
2225
2225
2227
2229
2229
2231
2234
2235
2236
2236
2237
2238
2238
2238
2239
2239
2242
2242
2243
2244
2244
2245
2246
2248
2248
2249
2250
2250
2251
2251
2252
2252
2254
2254
2259
2261
2263
2265
2267
2267
2267
2270
2271
2271
2271
2275
2282
2283
2286
2287
2287
2289
2289
2289
2290
2292
2292
2292
2293
2294
2294
2294
2295
2296
2299
2300
2300
2300
2300
2302
2302
2304
2304
2304
2305
2306
2308
2308
2311
2312
2312
2313
2313
2314
2314
2315
2315
2319
2320
2320
2322
2323
2324
2324
2325
2326
2326
2326
2327
2327
2327
2327
2331
2333
2333
2334
2334
2336
2336
2337
2339
2339
2341
2341
2342
2344
2345
2345
2346
2348
2348
2349
2349
2350
2350
2350
2351
2351
2351
2351
2352
2352
2352
2352
2356
2357
2366
2368
2370
2372
2372
2372
2376
2378
2381
2382
2382
2383
2384
2385
2385
2387
2387
2389
2390
2391
2392
2393
2393
2393
2395
2396
2396
2397
2398
2398
2398
2399
2400
2401
2401
2403
2405
2407
2408
2409
2411
2413
2416
2417
2417
2418
2418
2419
2420
2420
2421
2422
2422
2423
2423
2424
2426
2427
2428
2429
2430
2430
2433
2434
2439
2441
2442
2442
2443
2444
2445
2446
2447
2447
2447
2448
2453
2453
2454
2455
2455
2455
2457
2458
2458
2464
2464
2465
2465
2465
2465
2467
2469
2470
2474
2479
2480
2480
2482
2483
2485
2487
2488
2489
2489
2490
2492
2492
2492
2492
2493
2495
2495
2496
2497
2498
2503
2504
2505
2506
2506
2507
2507
2508
2511
2511
2513
2514
2514
2516
2517
2518
2519
2520
2520
2520
2522
2522
2522
2522
2524
2524
2526
2527
2528
2529
2530
2531
2533
2535
2536
2538
2539
2541
2546
2547
2550
2552
2552
2553
2553
2555
2556
2556
2561
2562
2563
2563
2564
2564
2565
2567
2567
2567
2568
2572
2574
2574
2580
2582
2582
2583
2583
2584
2585
2586
2586
2586
2588
2589
2590
2591
2592
2596
2597
2597
2598
2598
2602
2602
2603
2603
2604
2608
2609
2609
2610
2610
2611
2612
2613
2615
2616
2617
2618
2619
2621
2626
2628
2629
2629
2629
2631
2633
2635
2636
2636
2637
2638
2638
2638
2639
2640
2640
2641
2641
2642
2646
2646
2647
2647
2648
2649
2650
2651
2651
2652
2653
2654
2655
2656
2658
2659
2659
2660
2661
2661
2662
2663
2665
2665
2666
2667
2668
2669
2669
2670
2673
2674
2675
2675
2676
2676
2677
2677
2678
2678
2679
2681
2681
2681
2681
2684
2684
2686
2686
2687
2687
2689
2690
2690
2692
2692
2692
2693
2695
2696
2697
2697
2700
2703
2706
2707
2707
2708
2713
2714
2716
2718
2719
2720
2720
2721
2722
2722
2723
2724
2724
2725
2725
2726
2726
2728
2728
2728
2728
2729
2731
2731
2733
2734
2734
2734
2734
2735
2737
2737
2738
2738
2738
2739
2739
2740
2746
2752
2753
2754
2754
2755
2756
2757
2762
2765
2765
2766
2766
2767
2769
2769
2769
2771
2772
2772
2772
2776
2776
2778
2779
2780
2781
2783
2785
2785
2786
2786
2787
2787
2789
2791
2791
2791
2792
2793
2794
2795
2795
2795
2796
2796
2797
2798
2799
2801
2802
2803
2804
2804
2807
2808
2808
2810
2811
2812
2812
2813
2815
2816
2820
2823
2825
2825
2825
2826
2827
2830
2834
2835
2835
2840
2841
2841
2842
2845
2846
2847
2849
2851
2852
2852
2852
2853
2853
2856
2858
2858
2859
2859
2861
2861
2861
2862
2862
2863
2863
2864
2865
2865
2865
2866
2866
2867
2868
2868
2868
2870
2871
2874
2877
2879
2881
2882
2883
2883
2884
2884
2885
2885
2886
2887
2887
2887
2888
2888
2888
2889
2889
2890
2890
2890
2890
2892
2894
2894
2896
2896
2897
2898
2899
2899
2900
2901
2901
2902
2904
2904
2905
2907
2911
2911
2912
2914
2914
2914
2915
2915
2917
2918
2919
2919
2920
2921
2922
2924
2926
2926
2929
2931
2933
2935
2937
2938
2939
2940
2940
2940
2943
2945
2946
2947
2947
2948
2948
2948
2948
2949
2950
2951
2951
2953
2954
2954
2955
2956
2957
2957
2961
2961
2961
2963
2963
2963
2964
2965
2966
2967
2967
2972
2972
2973
2973
2973
2975
2976
2977
2978
2980
2980
2981
2981
2982
2983
2983
2984
2984
2985
2985
2986
2986
2986
2987
2991
2992
2995
2995
2996
2996
2998
2999
2999
3000
3001
3003
3005
3005
3006
3008
3009
3011
3012
3012
3013
3013
3013
3015
3015
3016
3019
3019
3021
3022
3024
3024
3024
3024
3025
3025
3026
3026
3026
3026
3029
3029
3031
3031
3032
3032
3032
3033
3034
3035
3040
3042
3045
3047
3047
3048
3050
3050
3050
3055
3056
3056
3058
3058
3059
3059
3060
3060
3060
3061
3062
3065
3067
3068
3069
3069
3070
3071
3071
3074
3075
3076
3079
3080
3081
3083
3084
3086
3087
3089
3089
3090
3092
3093
3094
3094
3096
3098
3099
3099
3099
3100
3101
3101
3102
3104
3104
3105
3106
3107
3107
3108
3108
3110
3112
3114
3115
3116
3118
3122
3122
3123
3126
3126
3126
3126
3127
3127
3127
3127
3128
3130
3130
3133
3133
3135
3135
3135
3139
3140
3140
3141
3142
3143
3144
3144
3145
3145
3147
3148
3150
3152
3152
3154
3156
3156
3156
3156
3156
3157
3159
3161
3162
3163
3163
3163
3165
3166
3167
3168
3168
3169
3169
3169
3170
3171
3172
3173
3174
3175
3175
3175
3177
3177
3178
3180
3180
3183
3183
3187
3187
3188
3188
3189
3189
3190
3190
3191
3191
3193
3193
3196
3196
3197
3198
3203
3204
3204
3204
3205
3206
3207
3208
3208
3209
3210
3211
3213
3214
3215
3215
3215
3216
3217
3220
3220
3221
3223
3223
3223
3225
3225
3226
3227
3227
3227
3227
3227
3227
3228
3229
3230
3234
3234
3234
3234
3236
3236
3237
3238
3238
3240
3242
3243
3245
3245
3247
3248
3248
3248
3248
3249
3250
3252
3253
3254
3255
3255
3256
3257
3257
3258
3259
3259
3262
3262
3263
3263
3264
3265
3265
3265
3266
3266
3266
3267
3268
3269
3270
3271
3274
3276
3276
3276
3278
3279
3280
3280
3281
3282
3283
3285
3286
3287
3288
3290
3291
3294
3295
3295
3295
3295
3298
3298
3299
3299
3300
3301
3302
3303
3303
3304
3306
3306
3307
3308
3309
3309
3309
3310
3310
3315
3315
3316
3317
3317
3317
3318
3321
3321
3321
3322
3322
3324
3327
3327
3328
3329
3332
3334
3334
3334
3337
3343
3343
3345
3345
3346
3348
3349
3350
3350
3351
3351
3353
3353
3354
3355
3356
3356
3357
3358
3358
3359
3359
3360
3361
3363
3363
3365
3365
3367
3367
3368
3368
3369
3369
3371
3374
3376
3377
3379
3379
3380
3382
3382
3385
3387
3388
3389
3389
3391
3394
3394
3396
3398
3398
3399
3399
3400
3401
3402
3402
3404
3404
3405
3405
3406
3406
3407
3408
3408
3416
3417
3418
3419
3419
3421
3421
3423
3423
3424
3427
3428
3428
3428
3429
3429
3430
3431
3432
3432
3435
3440
3441
3442
3443
3444
3445
3446
3446
3446
3446
3447
3448
3449
3452
3453
3454
3455
3455
3456
3457
3457
3458
3459
3460
3460
3462
3462
3463
3463
3463
3464
3464
3465
3466
3468
3468
3469
3470
3472
3475
3478
3479
3480
3481
3482
3483
3483
3483
3484
3484
3484
3485
3485
3487
3488
3489
3492
3493
3495
3495
3496
3496
3497
3497
3499
3500
3503
3504
3505
3506
3507
3508
3509
3510
3511
3513
3513
3514
3516
3516
3517
3522
3523
3523
3523
3524
3525
3527
3528
3528
3529
3530
3530
3530
3532
3533
3536
3536
3536
3536
3537
3538
3538
3538
3538
3539
3544
3545
3547
3547
3550
3553
3554
3554
3557
3558
3558
3561
3562
3563
3565
3566
3571
3572
3572
3572
3573
3573
3574
3575
3579
3579
3584
3585
3585
3586
3587
3587
3587
3587
3590
3591
3592
3593
3593
3594
3595
3595
3597
3598
3598
3599
3599
3600
3600
3602
3602
3602
3604
3604
3610
3610
3610
3611
3611
3611
3612
3612
3613
3614
3615
3615
3615
3617
3617
3617
3619
3619
3621
3622
3623
3623
3623
3624
3625
3626
3626
3626
3626
3627
3628
3630
3631
3633
3633
3635
3635
3638
3638
3638
3640
3641
3641
3641
3642
3643
3643
3643
3643
3643
3643
3648
3648
3649
3650
3653
3654
3654
3656
3657
3658
3661
3661
3662
3663
3663
3664
3664
3667
3670
3671
3672
3674
3674
3675
3675
3676
3676
3677
3679
3680
3681
3681
3681
3684
3686
3688
3688
3688
3689
3689
3690
3691
3692
3692
3692
3692
3693
3693
3693
3694
3695
3695
3696
3698
3698
3699
3699
3701
3702
3702
3703
3705
3712
3712
3714
3715
3718
3719
3720
3720
3721
3722
3722
3722
3723
3724
3725
3727
3730
3731
3733
3733
3735
3737
3737
3737
3737
3738
3739
3739
3739
3740
3741
3742
3743
3746
3747
3749
3752
3754
3756
3756
3756
3756
3757
3760
3760
3762
3764
3765
3767
3768
3769
3769
3769
3771
3773
3773
3776
3776
3778
3779
3780
3781
3782
3782
3783
3784
3784
3786
3786
3786
3787
3788
3789
3796
3797
3797
3798
3799
3799
3800
3800
3801
3801
3805
3806
3806
3806
3806
3806
3808
3808
3809
3809
3810
3812
3815
3816
3818
3818
3819
3820
3821
3823
3823
3824
3824
3824
3828
3829
3830
3831
3832
3835
3836
3838
3841
3842
3842
3843
3844
3846
3847
3848
3848
3849
3850
3851
3852
3853
3853
3853
3853
3855
3861
3863
3864
3865
3866
3866
3867
3867
3868
3869
3870
3871
3872
3873
3874
3874
3875
3877
3877
3878
3879
3880
3880
3881
3882
3883
3884
3885
3885
3885
3886
3887
3890
3890
3891
3891
3893
3895
3896
3897
3899
3900
3900
3901
3901
3902
3904
3906
3907
3908
3909
3910
3910
3912
3912
3913
3917
3917
3917
3918
3919
3919
3920
3922
3923
3923
3923
3924
3925
3927
3927
3929
3930
3931
3931
3932
3933
3934
3934
3935
3936
3936
3937
3937
3938
3939
3939
3940
3941
3942
3943
3944
3946
3947
3948
3949
3951
3952
3952
3954
3954
3959
3959
3960
3960
3960
3960
3961
3963
3964
3965
3969
3970
3971
3971
3972
3973
3976
3976
3979
3982
3982
3984
3985
3986
3986
3986
3986
3986
3987
3987
3988
3989
3989
3990
3991
3991
3992
3992
3994
3997
4000
4002
4003
4007
4007
4007
4007
4008
4009
4009
4010
4010
4011
4013
4013
4015
4016
4017
4022
4023
4023
4024
4025
4025
4026
4027
4027
4029
4029
4030
4032
4032
4033
4036
4037
4037
4038
4039
4040
4045
4047
4048
4049
4051
4052
4052
4052
4054
4056
4056
4057
4062
4062
4063
4065
4065
4067
4069
4071
4074
4076
4077
4078
4079
4079
4080
4081
4081
4081
4083
4084
4084
4084
4084
4087
4088
4089
4090
4090
4090
4094
4096
4096
4097
4098
4099
4103
4104
4105
4106
4106
4106
4107
4108
4110
4110
4112
4113
4114
4115
4116
4116
4121
4121
4124
4126
4126
4126
4128
4128
4131
4131
4132
4133
4134
4134
4134
4135
4137
4138
4139
4139
4139
4140
4140
4140
4143
4143
4143
4145
4145
4146
4147
4148
4149
4149
4153
4153
4155
4156
4156
4158
4161
4162
4163
4163
4164
4165
4166
4167
4168
4168
4171
4171
4174
4175
4176
4177
4178
4178
4179
4179
4179
4179
4180
4184
4185
4187
4188
4188
4188
4192
4192
4192
4192
4193
4194
4194
4195
4196
4200
4200
4201
4201
4203
4204
4205
4207
4207
4208
4208
4209
4211
4212
4212
4213
4213
4214
4215
4216
4216
4219
4219
4220
4221
4223
4223
4223
4224
4224
4226
4227
4228
4228
4228
4229
4231
4232
4232
4233
4236
4236
4236
4237
4237
4238
4240
4243
4244
4247
4247
4248
4249
4249
4254
4254
4254
4255
4255
4259
4259
4260
4260
4260
4261
4261
4261
4262
4263
4263
4263
4264
4265
4265
4265
4266
4267
4269
4270
4271
4272
4272
4272
4276
4277
4280
4281
4282
4283
4283
4283
4284
4284
4285
4285
4286
4289
4290
4291
4292
4292
4294
4294
4296
4297
4297
4298
4301
4303
4304
4305
4308
4308
4308
4308
4309
4313
4314
4314
4314
4315
4315
4317
4317
4317
4319
4319
4319
4319
4321
4322
4322
4324
4324
4324
4325
4326
4327
4328
4329
4330
4333
4338
4339
4339
4340
4343
4343
4344
4345
4347
4348
4348
4350
4352
4353
4354
4354
4354
4355
4356
4356
4357
4360
4363
4363
4363
4364
4365
4365
4365
4366
4367
4367
4367
4369
4369
4375
4376
4378
4379
4379
4380
4381
4381
4381
4381
4382
4384
4384
4386
4387
4388
4388
4389
4390
4391
4391
4391
4394
4394
4395
4396
4396
4397
4398
4398
4400
4400
4400
4401
4401
4401
4401
4403
4403
4405
4410
4410
4411
4411
4412
4413
4414
4414
4415
4416
4419
4419
4420
4421
4422
4423
4424
4426
4429
4429
4430
4430
4430
4431
4432
4432
4432
4432
4433
4433
4433
4435
4437
4437
4438
4439
4439
4439
4440
4441
4445
4446
4447
4448
4452
4452
4453
4454
4459
4460
4461
4461
4462
4463
4463
4464
4466
4467
4467
4469
4470
4472
4472
4472
4473
4477
4477
4479
4480
4480
4482
4482
4483
4484
4484
4486
4486
4486
4487
4489
4492
4494
4495
4495
4498
4498
4499
4500
4501
4501
4504
4505
4508
4509
4510
4510
4511
4512
4512
4513
4514
4514
4515
4515
4521
4521
4523
4524
4527
4527
4527
4530
4530
4531
4533
4534
4535
4535
4536
4536
4537
4537
4538
4538
4538
4539
4539
4540
4542
4547
4549
4550
4552
4554
4555
4556
4556
4556
4557
4557
4558
4558
4560
4560
4561
4561
4561
4561
4564
4565
4567
4567
4569
4570
4570
4570
4571
4571
4575
4577
4579
4579
4581
4582
4582
4583
4583
4584
4584
4584
4585
4585
4585
4586
4587
4588
4589
4590
4592
4593
4593
4593
4596
4596
4597
4598
4598
4598
4599
4603
4604
4606
4607
4608
4608
4611
4612
4612
4613
4614
4619
4620
4621
4621
4622
4624
4625
4625
4626
4627
4627
4628
4628
4629
4633
4633
4633
4635
4635
4635
4638
4638
4640
4640
4643
4643
4644
4646
4646
4647
4648
4650
4652
4654
4655
4655
4655
4656
4656
4657
4659
4659
4660
4662
4662
4663
4663
4664
4667
4668
4668
4669
4670
4671
4673
4674
4676
4676
4677
4677
4681
4681
4681
4684
4685
4687
4688
4688
4689
4689
4689
4690
4690
4690
4691
4692
4692
4693
4694
4694
4697
4698
4698
4699
4702
4703
4703
4705
4705
4707
4708
4709
4710
4711
4711
4713
4713
4717
4721
4721
4722
4722
4723
4724
4725
4726
4726
4728
4728
4729
4730
4731
4733
4734
4737
4737
4737
4740
4741
4741
4742
4743
4744
4745
4746
4747
4752
4755
4757
4757
4758
4758
4758
4759
4759
4759
4761
4763
4765
4767
4768
4768
4770
4771
4771
4773
4775
4777
4781
4782
4782
4782
4783
4784
4784
4784
4785
4788
4788
4788
4791
4791
4792
4792
4794
4794
4795
4796
4796
4797
4798
4800
4801
4801
4802
4804
4804
4804
4804
4807
4807
4808
4813
4813
4814
4816
4816
4817
4817
4817
4817
4818
4819
4819
4821
4822
4822
4824
4825
4828
4829
4830
4831
4836
4836
4837
4838
4840
4843
4844
4844
4844
4845
4845
4845
4846
4848
4848
4850
4850
4851
4851
4852
4853
4856
4857
4857
4859
4859
4861
4863
4863
4865
4865
4867
4867
4867
4871
4871
4872
4872
4872
4873
4874
4875
4876
4876
4876
4876
4878
4878
4878
4879
4879
4880
4883
4883
4884
4884
4884
4884
4886
4887
4888
4889
4891
4891
4897
4897
4900
4901
4903
4903
4904
4904
4905
4905
4905
4907
4908
4911
4913
4913
4915
4916
4916
4917
4919
4920
4921
4922
4922
4923
4923
4926
4927
4928
4930
4932
4934
4935
4935
4935
4936
4937
4937
4938
4941
4941
4941
4941
4942
4942
4945
4947
4947
4947
4949
4950
4950
4950
4952
4954
4956
4960
4960
4963
4964
4965
4965
4966
4967
4967
4967
4969
4971
4973
4974
4974
4977
4977
4977
4977
4978
4979
4981
4981
4981
4984
4985
4986
4986
4986
4987
4987
4988
4988
4991
4992
4993
4995
4996
4997
4997
5001
5002
5003
5005
5005
5006
5007
5008
5008
5009
5009
5009
5010
5011
5014
5016
5018
5021
5022
5023
5026
5026
5027
5029
5029
5030
5031
5031
5032
5033
5035
5036
5038
5038
5038
5039
5039
5041
5041
5041
5042
5042
5043
5044
5044
5044
5047
5048
5049
5049
5050
5050
5052
5052
5053
5053
5053
5054
5055
5056
5056
5056
5057
5057
5058
5059
5059
5059
5063
5064
5064
5064
5065
5067
5069
5070
5070
5071
5073
5075
5076
5077
5079
5079
5082
5083
5083
5084
5085
5086
5088
5088
5089
5089
5089
5090
5090
5095
5096
5096
5097
5097
5097
5099
5099
5099
5100
5101
5102
5102
5103
5104
5105
5106
5108
5108
5109
5110
5110
5111
5114
5117
5121
5122
5122
5122
5122
5124
5125
5126
5126
5127
5127
5129
5129
5130
5131
5133
5133
5133
5136
5136
5137
5138
5138
5138
5138
5139
5140
5141
5144
5144
5144
5145
5146
5146
5147
5149
5149
5154
5155
5155
5156
5158
5158
5159
5161
5162
5164
5166
5167
5169
5170
5170
5170
5174
5174
5176
5178
5179
5179
5180
5180
5180
5182
5185
5187
5187
5188
5188
5189
5189
5189
5191
5191
5191
5192
5193
5193
5194
5195
5195
5197
5198
5198
5198
5199
5200
5200
5200
5201
5204
5205
5206
5207
5208
5210
5211
5211
5212
5217
5220
5221
5222
5222
5225
5225
5226
5227
5228
5232
5234
5235
5238
5238
5238
5239
5240
5241
5244
5245
5247
5248
5249
5251
5251
5254
5255
5255
5256
5257
5259
5259
5259
5259
5260
5260
5263
5264
5264
5265
5265
5265
5265
5265
5267
5267
5268
5268
5269
5270
5270
5270
5274
5275
5275
5276
5277
5278
5279
5279
5280
5281
5281
5282
5285
5285
5285
5286
5286
5286
5290
5290
5291
5292
5292
5293
5294
5295
5296
5298
5300
5300
5300
5301
5301
5303
5303
5303
5304
5305
5305
5307
5308
5308
5309
5310
5310
5311
5312
5313
5313
5314
5316
5319
5319
5320
5320
5321
5323
5324
5324
5325
5325
5327
5327
5327
5329
5329
5330
5330
5330
5332
5332
5335
5336
5336
5337
5339
5341
5341
5342
5344
5344
5345
5347
5347
5347
5348
5349
5353
5354
5355
5357
5357
5357
5358
5358
5359
5359
5360
5361
5363
5363
5364
5365
5366
5366
5367
5368
5369
5372
5372
5373
5375
5377
5377
5377
5378
5378
5382
5386
5386
5387
5388
5389
5390
5391
5393
5397
5398
5402
5402
5404
5404
5406
5406
5407
5407
5409
5409
5410
5411
5411
5412
5412
5412
5413
5414
5417
5417
5418
5418
5421
5423
5423
5424
5424
5424
5426
5426
5426
5428
5430
5430
5432
5437
5438
5439
5442
5445
5449
5449
5450
5452
5452
5455
5455
5458
5459
5459
5459
5459
5459
5459
5460
5463
5465
5466
5467
5467
5467
5468
5469
5469
5470
5470
5470
5471
5471
5472
5472
5474
5474
5474
5477
5477
5478
5478
5480
5482
5483
5484
5485
5485
5485
5485
5486
5486
5486
5486
5487
5487
5491
5492
5494
5495
5497
5497
5498
5499
5499
5499
5499
5500
5501
5501
5502
5503
5503
5505
5508
5508
5508
5509
5511
5512
5512
5514
5516
5517
5519
5520
5522
5522
5526
5527
5528
5529
5530
5532
5533
5533
5535
5535
5535
5536
5536
5537
5539
5540
5541
5544
5544
5544
5545
5545
5546
5549
5550
5552
5552
5552
5554
5554
5554
5555
5556
5559
5562
5562
5563
5567
5568
5568
5569
5571
5572
5573
5573
5574
5575
5576
5576
5580
5580
5582
5582
5582
5584
5584
5585
5586
5586
5586
5586
5586
5587
5588
5588
5589
5589
5589
5590
5591
5591
5592
5596
5596
5596
5597
5597
5598
5598
5599
5602
5603
5603
5605
5606
5607
5611
5611
5611
5611
5612
5614
5614
5614
5615
5615
5617
5618
5621
5623
5625
5626
5627
5627
5629
5629
5630
5633
5634
5635
5637
5638
5638
5639
5639
5640
5641
5642
5645
5645
5645
5647
5647
5647
5647
5649
5650
5650
5652
5652
5653
5654
5654
5655
5655
5656
5657
5657
5657
5659
5659
5660
5660
5660
5661
5662
5663
5665
5666
5667
5667
5667
5667
5667
5669
5671
5671
5671
5672
5672
5674
5674
5674
5676
5676
5677
5677
5680
5681
5681
5684
5685
5685
5685
5685
5687
5687
5690
5691
5691
5692
5693
5693
5694
5695
5695
5696
5696
5698
5698
5698
5700
5700
5700
5700
5701
5701
5702
5702
5704
5706
5708
5709
5709
5711
5712
5714
5714
5715
5715
5716
5716
5717
5718
5719
5720
5720
5722
5723
5723
5723
5724
5725
5726
5726
5726
5728
5729
5729
5730
5730
5730
5732
5733
5734
5735
5735
5738
5738
5739
5740
5740
5742
5742
5742
5743
5746
5746
5748
5749
5750
5752
5752
5752
5752
5753
5755
5755
5756
5757
5759
5759
5759
5759
5760
5761
5761
5762
5763
5763
5764
5764
5765
5766
5766
5766
5768
5769
5769
5772
5772
5773
5773
5775
5777
5777
5778
5778
5780
5780
5780
5781
5781
5782
5783
5788
5789
5790
5792
5792
5794
5797
5798
5798
5799
5800
5801
5801
5801
5802
5803
5804
5804
5805
5807
5807
5808
5808
5808
5808
5809
5810
5812
5813
5813
5814
5816
5817
5819
5820
5823
5823
5824
5824
5826
5826
5828
5829
5831
5831
5834
5834
5834
5835
5836
5837
5840
5842
5842
5842
5842
5843
5844
5844
5844
5845
5845
5845
5846
5847
5847
5848
5850
5851
5853
5855
5855
5856
5857
5858
5858
5859
5860
5861
5861
5861
5862
5864
5865
5867
5867
5867
5868
5868
5870
5874
5875
5875
5876
5876
5877
5878
5880
5882
5882
5883
5884
5885
5885
5886
5887
5887
5889
5889
5889
5890
5891
5894
5895
5895
5895
5895
5896
5897
5899
5901
5902
5902
5902
5903
5903
5909
5910
5911
5911
5912
5913
5914
5914
5915
5916
5917
5917
5920
5921
5922
5923
5923
5923
5923
5926
5929
5931
5931
5931
5931
5931
5931
5932
5934
5935
5936
5937
5939
5939
5940
5941
5944
5946
5947
5948
5948
5948
5949
5950
5952
5953
5953
5953
5953
5954
5955
5958
5960
5960
5962
5963
5964
5965
5965
5965
5966
5966
5966
5967
5970
5971
5972
5972
5973
5975
5975
5976
5976
5977
5978
5981
5981
5982
5983
5983
5983
5984
5985
5986
5986
5987
5991
5991
5993
5993
5995
5997
5999
5999
6000
6001
6003
6003
6004
6005
6006
6007
6007
6007
6009
6010
6011
6011
6011
6012
6012
6012
6015
6015
6019
6019
6020
6020
6022
6026
6026
6026
6026
6028
6028
6029
6031
6032
6032
6034
6034
6036
6038
6038
6039
6042
6043
6043
6044
6044
6047
6050
6051
6051
6052
6053
6054
6054
6055
6056
6057
6058
6058
6058
6059
6061
6061
6063
6063
6064
6064
6065
6066
6067
6069
6069
6070
6071
6071
6073
6074
6078
6078
6079
6079
6080
6080
6081
6085
6086
6088
6089
6089
6090
6091
6091
6092
6093
6093
6094
6095
6097
6098
6100
6102
6102
6103
6103
6106
6108
6108
6109
6111
6111
6113
6116
6116
6116
6116
6117
6118
6120
6121
6121
6121
6122
6122
6125
6125
6127
6128
6130
6131
6131
6131
6132
6132
6133
6134
6136
6136
6137
6138
6140
6140
6140
6141
6142
6143
6144
6144
6144
6145
6146
6148
6149
6150
6150
6150
6151
6151
6153
6154
6154
6156
6156
6157
6158
6158
6159
6159
6159
6164
6164
6164
6165
6166
6167
6167
6168
6168
6169
6171
6171
6171
6172
6173
6173
6174
6175
6176
6177
6178
6179
6179
6180
6181
6181
6181
6181
6182
6184
6184
6186
6186
6186
6186
6187
6188
6188
6189
6190
6191
6191
6192
6193
6193
6194
6196
6197
6198
6199
6200
6202
6206
6206
6206
6208
6209
6210
6210
6211
6211
6212
6212
6215
6215
6216
6217
6217
6217
6217
6218
6218
6219
6221
6222
6222
6222
6224
6225
6225
6227
6229
6229
6234
6234
6234
6235
6235
6235
6236
6237
6238
6238
6240
6240
6242
6243
6244
6244
6244
6245
6246
6246
6248
6248
6249
6249
6249
6249
6250
6251
6251
6251
6253
6259
6260
6261
6261
6262
6262
6262
6263
6266
6267
6270
6270
6271
6272
6272
6272
6274
6274
6275
6275
6275
6276
6278
6282
6282
6283
6284
6286
6288
6289
6289
6289
6290
6291
6292
6293
6294
6297
6300
6302
6302
6304
6304
6305
6305
6307
6308
6310
6310
6311
6315
6315
6317
6318
6319
6319
6320
6321
6322
6322
6323
6323
6323
6325
6325
6325
6326
6326
6326
6326
6328
6330
6330
6330
6331
6331
6331
6332
6334
6334
6334
6335
6336
6339
6340
6340
6341
6342
6342
6343
6344
6344
6345
6346
6346
6348
6348
6349
6350
6350
6350
6351
6353
6353
6354
6354
6355
6356
6357
6358
6358
6358
6361
6361
6363
6363
6364
6364
6365
6366
6366
6367
6368
6369
6369
6370
6372
6372
6372
6373
6373
6375
6375
6376
6376
6377
6378
6379
6379
6380
6380
6381
6382
6383
6383
6384
6384
6385
6386
6388
6389
6389
6390
6392
6392
6393
6394
6396
6397
6400
6401
6401
6402
6403
6403
6405
6405
6407
6408
6410
6411
6411
6412
6413
6413
6415
6417
6418
6419
6419
6420
6420
6421
6422
6423
6426
6426
6428
6430
6431
6431
6431
6432
6433
6433
6434
6434
6437
6439
6439
6440
6441
6441
6442
6442
6443
6444
6445
6446
6447
6447
6448
6449
6449
6451
6451
6451
6452
6452
6452
6453
6453
6453
6454
6454
6454
6455
6457
6458
6458
6458
6459
6460
6462
6463
6465
6466
6466
6471
6471
6472
6472
6473
6474
6476
6476
6477
6481
6481
6482
6484
6485
6485
6485
6486
6486
6487
6487
6488
6488
6489
6490
6491
6492
6494
6495
6495
6496
6496
6497
6497
6498
6500
6502
6506
6506
6506
6506
6508
6509
6509
6510
6512
6512
6515
6515
6516
6516
6518
6519
6519
6521
6522
6526
6526
6526
6527
6527
6528
6531
6531
6532
6532
6533
6533
6533
6534
6535
6536
6538
6538
6540
6541
6543
6543
6543
6544
6544
6544
6545
6546
6548
6549
6550
6550
6552
6552
6553
6553
6554
6557
6558
6559
6559
6560
6561
6561
6562
6562
6562
6564
6564
6565
6566
6569
6572
6573
6574
6575
6576
6577
6581
6582
6582
6583
6583
6584
6585
6585
6586
6587
6587
6589
6592
6593
6594
6595
6595
6595
6595
6595
6596
6596
6597
6599
6600
6602
6603
6605
6605
6606
6607
6607
6607
6608
6610
6611
6612
6612
6612
6612
6613
6613
6613
6613
6614
6615
6615
6617
6617
6617
6617
6617
6619
6621
6622
6622
6623
6623
6625
6626
6626
6627
6627
6627
6628
6628
6628
6629
6630
6630
6634
6635
6636
6637
6641
6641
6642
6642
6643
6643
6644
6646
6647
6648
6648
6649
6650
6651
6652
6652
6654
6655
6655
6656
6656
6657
6657
6660
6660
6661
6665
6665
6665
6667
6669
6670
6670
6671
6677
6678
6678
6679
6680
6680
6680
6682
6682
6683
6687
6687
6688
6689
6690
6690
6691
6691
6692
6693
6693
6693
6695
6696
6696
6696
6696
6697
6698
6700
6701
6703
6705
6706
6706
6712
6712
6712
6712
6713
6713
6715
6716
6718
6719
6720
6721
6722
6723
6725
6727
6730
6730
6730
6731
6731
6732
6733
6736
6737
6739
6739
6741
6742
6742
6742
6743
6745
6745
6745
6745
6746
6747
6748
6749
6749
6750
6750
6750
6750
6753
6753
6754
6757
6757
6758
6759
6759
6759
6763
6763
6767
6769
6771
6771
6771
6772
6777
6777
6778
6781
6781
6782
6783
6783
6784
6784
6784
6785
6785
6785
6786
6788
6789
6789
6790
6790
6791
6792
6793
6794
6794
6794
6794
6794
6794
6795
6796
6796
6796
6797
6800
6800
6800
6803
6803
6803
6804
6805
6805
6805
6809
6810
6812
6812
6814
6816
6817
6817
6818
6818
6819
6821
6821
6825
6828
6829
6831
6832
6832
6834
6834
6835
6836
6837
6839
6841
6841
6841
6842
6843
6847
6847
6849
6849
6850
6850
6850
6850
6852
6852
6853
6853
6854
6854
6857
6858
6859
6859
6860
6860
6861
6862
6863
6863
6864
6865
6865
6867
6867
6867
6867
6868
6868
6869
6871
6871
6872
6872
6872
6874
6876
6877
6878
6879
6881
6881
6882
6883
6883
6884
6884
6885
6886
6888
6888
6889
6890
6890
6890
6896
6896
6897
6899
6899
6900
6900
6900
6901
6901
6903
6905
6906
6908
6909
6910
6911
6914
6914
6915
6915
6919
6919
6919
6922
6923
6924
6925
6925
6926
6926
6929
6929
6929
6929
6932
6933
6934
6935
6935
6936
6938
6940
6946
6946
6948
6948
6952
6954
6956
6958
6958
6961
6962
6964
6965
6967
6968
6968
6969
6972
6972
6973
6973
6974
6976
6976
6977
6977
6979
6979
6981
6981
6984
6987
6988
6989
6989
6991
6991
6992
6993
6995
6995
6996
6996
6999
6999
7000
7001
7004
7006
7006
7007
7007
7010
7010
7011
7011
7011
7011
7012
7012
7013
7017
7017
7017
7019
7019
7020
7021
7021
7021
7021
7022
7022
7022
7023
7025
7026
7026
7027
7028
7028
7028
7029
7030
7033
7036
7037
7038
7039
7039
7040
7041
7042
7043
7044
7044
7047
7048
7048
7049
7049
7051
7051
7051
7053
7053
7054
7056
7056
7057
7058
7058
7058
7060
7061
7062
7063
7063
7064
7066
7067
7067
7067
7068
7068
7069
7070
7072
7073
7074
7074
7075
7075
7077
7078
7079
7080
7081
7082
7083
7084
7084
7084
7085
7086
7086
7087
7088
7089
7091
7092
7094
7095
7095
7096
7096
7097
7098
7100
7103
7104
7106
7106
7107
7108
7109
7109
7109
7110
7110
7111
7111
7112
7113
7113
7114
7116
7116
7117
7119
7120
7120
7121
7122
7123
7123
7123
7125
7126
7126
7126
7128
7129
7131
7131
7132
7134
7135
7135
7136
7138
7140
7140
7142
7142
7142
7143
7144
7144
7145
7146
7148
7150
7153
7154
7155
7158
7160
7160
7161
7161
7163
7163
7164
7164
7165
7166
7166
7168
7169
7169
7173
7173
7174
7174
7177
7177
7177
7178
7179
7180
7182
7182
7183
7183
7184
7184
7184
7185
7187
7188
7189
7190
7191
7191
7192
7193
7194
7194
7197
7199
7199
7200
7200
7202
7202
7203
7205
7206
7206
7206
7206
7208
7210
7211
7211
7212
7212
7212
7213
7213
7216
7217
7220
7220
7221
7222
7223
7224
7227
7227
7227
7228
7229
7229
7230
7231
7232
7232
7233
7235
7235
7236
7240
7240
7243
7244
7244
7245
7246
7247
7248
7248
7249
7249
7249
7250
7254
7255
7255
7257
7258
7259
7263
7263
7263
7263
7264
7265
7265
7265
7267
7268
7268
7269
7269
7269
7269
7270
7270
7272
7274
7275
7276
7277
7277
7278
7279
7279
7280
7280
7281
7282
7283
7284
7286
7286
7287
7288
7288
7289
7290
7293
7293
7293
7295
7296
7297
7299
7301
7302
7303
7303
7306
7306
7306
7307
7307
7310
7313
7316
7317
7320
7322
7326
7326
7327
7327
7328
7328
7329
7329
7329
7329
7330
7330
7331
7334
7334
7334
7335
7336
7336
7336
7336
7337
7337
7338
7338
7340
7340
7341
7343
7346
7348
7349
7349
7352
7353
7354
7354
7354
7354
7357
7361
7363
7364
7366
7368
7369
7369
7370
7371
7371
7373
7373
7374
7375
7377
7378
7378
7379
7379
7379
7379
7384
7385
7385
7386
7387
7389
7390
7391
7391
7391
7393
7394
7396
7396
7397
7398
7402
7402
7404
7407
7407
7408
7408
7409
7409
7409
7409
7410
7410
7411
7413
7413
7415
7416
7417
7418
7418
7425
7426
7426
7426
7426
7427
7427
7429
7430
7431
7431
7431
7432
7432
7433
7434
7434
7437
7438
7439
7439
7441
7443
7443
7443
7446
7446
7448
7448
7449
7450
7450
7451
7453
7453
7454
7455
7456
7457
7458
7459
7459
7459
7461
7461
7463
7464
7465
7469
7469
7470
7473
7474
7475
7475
7475
7479
7481
7481
7483
7483
7484
7484
7486
7487
7490
7490
7491
7491
7491
7493
7493
7495
7496
7498
7499
7500
7502
7502
7503
7506
7507
7509
7509
7509
7510
7511
7512
7513
7514
7516
7516
7517
7519
7522
7522
7524
7524
7525
7525
7526
7527
7527
7527
7527
7529
7530
7530
7531
7531
7533
7533
7534
7539
7539
7540
7540
7544
7544
7544
7545
7547
7551
7551
7554
7555
7555
7558
7561
7561
7562
7562
7562
7563
7563
7567
7567
7568
7568
7570
7571
7571
7572
7573
7574
7574
7575
7575
7576
7576
7576
7577
7577
7579
7579
7579
7580
7584
7585
7589
7590
7591
7593
7594
7594
7594
7594
7595
7595
7595
7596
7596
7597
7599
7600
7600
7604
7605
7606
7610
7611
7617
7617
7619
7619
7619
7621
7621
7621
7623
7624
7626
7629
7630
7632
7632
7632
7633
7635
7636
7638
7639
7639
7640
7641
7643
7644
7647
7648
7649
7652
7652
7652
7653
7653
7653
7655
7655
7656
7658
7659
7659
7661
7662
7663
7664
7664
7664
7666
7667
7670
7674
7675
7675
7676
7677
7677
7679
7679
7680
7681
7682
7684
7684
7685
7687
7687
7688
7688
7691
7691
7692
7692
7694
7695
7697
7698
7699
7702
7703
7705
7705
7707
7707
7708
7709
7711
7711
7712
7712
7714
7714
7715
7717
7719
7719
7720
7722
7723
7723
7725
7725
7726
7727
7729
7729
7730
7731
7735
7738
7738
7740
7742
7747
7747
7749
7749
7749
7752
7754
7755
7755
7756
7757
7758
7763
7763
7763
7764
7765
7767
7768
7768
7769
7769
7770
7771
7772
7772
7773
7775
7775
7776
7776
7777
7777
7779
7779
7779
7780
7780
7783
7783
7785
7786
7786
7787
7787
7788
7788
7789
7790
7792
7793
7796
7796
7798
7798
7798
7799
7803
7805
7805
7805
7806
7809
7810
7810
7811
7811
7812
7812
7813
7814
7814
7816
7817
7817
7818
7818
7819
7827
7827
7828
7829
7831
7834
7835
7835
7836
7836
7837
7837
7839
7840
7842
7845
7846
7848
7850
7850
7851
7852
7853
7854
7857
7858
7858
7860
7861
7861
7863
7868
7869
7869
7873
7874
7875
7875
7875
7876
7877
7877
7877
7878
7879
7880
7882
7883
7883
7884
7885
7886
7886
7888
7889
7893
7893
7896
7897
7897
7898
7898
7899
7899
7899
7900
7900
7900
7900
7901
7901
7903
7906
7906
7906
7907
7908
7909
7910
7911
7914
7915
7915
7918
7918
7919
7919
7921
7922
7923
7924
7927
7928
7929
7932
7932
7934
7935
7938
7939
7940
7940
7940
7943
7943
7945
7948
7948
7953
7954
7956
7956
7957
7958
7961
7961
7962
7962
7964
7964
7965
7966
7966
7968
7968
7970
7970
7971
7973
7974
7976
7977
7978
7980
7980
7982
7983
7983
7983
7984
7984
7985
7985
7986
7987
7987
7987
7988
7989
7989
7990
7990
7992
7992
7994
7994
7994
7994
7995
7997
7997
7997
7997
7997
7998
7999
7999
8000
8001
8008
8009
8010
8010
8011
8012
8013
8014
8016
8017
8017
8017
8018
8018
8019
8019
8020
8021
8021
8022
8023
8023
8024
8024
8026
8027
8028
8028
8028
8028
8031
8032
8032
8034
8035
8036
8036
8037
8039
8040
8041
8043
8043
8046
8049
8050
8050
8050
8050
8052
8053
8055
8055
8056
8057
8057
8057
8063
8063
8064
8066
8071
8071
8073
8074
8075
8078
8078
8079
8079
8081
8082
8083
8083
8085
8085
8085
8087
8089
8091
8092
8092
8092
8094
8096
8100
8100
8101
8101
8101
8102
8103
8104
8104
8107
8107
8109
8109
8110
8110
8112
8113
8113
8115
8116
8120
8120
8121
8121
8122
8122
8127
8128
8129
8132
8132
8133
8134
8134
8134
8136
8136
8137
8139
8139
8139
8140
8141
8141
8143
8145
8145
8146
8148
8149
8149
8149
8150
8150
8150
8150
8151
8151
8151
8151
8153
8153
8153
8153
8154
8158
8159
8160
8161
8162
8166
8167
8167
8168
8168
8169
8169
8171
8171
8171
8172
8173
8175
8175
8175
8175
8175
8176
8180
8181
8181
8183
8183
8185
8187
8189
8191
8193
8194
8195
8196
8196
8197
8197
8199
8205
8205
8207
8207
8208
8210
8210
8211
8211
8211
8215
8216
8217
8219
8219
8219
8220
8223
8228
8233
8233
8234
8236
8237
8237
8238
8238
8238
8239
8239
8243
8246
8246
8246
8248
8248
8249
8250
8251
8254
8254
8255
8256
8257
8258
8258
8259
8260
8260
8261
8262
8262
8263
8263
8267
8267
8267
8268
8268
8268
8270
8271
8271
8274
8274
8275
8276
8276
8282
8282
8282
8283
8284
8285
8286
8286
8287
8287
8287
8288
8289
8291
8294
8294
8295
8297
8298
8299
8301
8302
8303
8303
8304
8305
8306
8307
8307
8309
8309
8309
8310
8310
8313
8313
8314
8314
8315
8316
8317
8319
8320
8321
8321
8321
8325
8326
8329
8329
8329
8336
8336
8337
8339
8339
8339
8341
8342
8343
8343
8343
8344
8344
8346
8347
8347
8349
8351
8351
8351
8357
8357
8359
8359
8360
8360
8362
8365
8366
8367
8367
8369
8370
8370
8371
8372
8372
8373
8373
8374
8374
8377
8377
8378
8379
8379
8381
8381
8383
8383
8384
8384
8384
8384
8386
8387
8388
8388
8389
8390
8390
8393
8394
8394
8396
8397
8397
8398
8398
8398
8400
8400
8403
8404
8404
8405
8408
8411
8412
8413
8414
8414
8415
8417
8417
8418
8418
8419
8419
8420
8420
8420
8421
8422
8422
8422
8423
8423
8423
8424
8424
8426
8426
8427
8431
8432
8432
8433
8434
8435
8435
8441
8442
8444
8444
8444
8446
8446
8446
8447
8449
8451
8452
8452
8452
8458
8459
8459
8460
8462
8462
8464
8465
8465
8465
8467
8467
8468
8470
8471
8471
8476
8479
8480
8481
8482
8482
8482
8484
8486
8487
8488
8488
8489
8489
8490
8491
8491
8493
8494
8495
8495
8496
8497
8498
8498
8499
8500
8501
8501
8501
8501
8506
8506
8506
8510
8511
8514
8514
8517
8517
8521
8521
8522
8522
8522
8523
8523
8525
8526
8526
8528
8530
8530
8531
8532
8533
8533
8534
8535
8536
8536
8541
8544
8545
8545
8545
8546
8547
8547
8548
8548
8550
8551
8553
8553
8553
8554
8554
8554
8556
8557
8559
8559
8560
8560
8563
8564
8567
8567
8568
8568
8569
8572
8573
8574
8575
8575
8575
8576
8578
8578
8580
8584
8585
8585
8587
8589
8589
8589
8589
8589
8594
8595
8596
8597
8600
8601
8601
8603
8604
8604
8604
8604
8607
8607
8609
8610
8610
8610
8611
8611
8611
8612
8612
8612
8616
8616
8617
8617
8617
8617
8617
8618
8618
8618
8618
8618
8620
8621
8621
8621
8622
8622
8623
8623
8623
8624
8624
8625
8626
8627
8627
8628
8630
8630
8630
8631
8631
8632
8633
8633
8634
8634
8634
8634
8635
8640
8641
8641
8643
8644
8645
8646
8648
8649
8649
8649
8649
8650
8650
8652
8656
8661
8662
8662
8663
8664
8664
8664
8665
8670
8672
8672
8675
8676
8677
8679
8679
8682
8682
8686
8687
8687
8688
8689
8690
8691
8691
8695
8695
8695
8695
8695
8696
8698
8699
8699
8700
8700
8700
8703
8703
8704
8704
8710
8711
8711
8712
8712
8713
8713
8714
8714
8715
8715
8715
8717
8717
8718
8719
8720
8722
8724
8725
8726
8726
8731
8732
8734
8734
8734
8734
8735
8736
8738
8738
8738
8739
8739
8740
8741
8742
8742
8747
8749
8750
8751
8754
8755
8757
8758
8759
8760
8760
8762
8763
8765
8767
8769
8771
8771
8771
8772
8774
8777
8778
8778
8779
8779
8779
8781
8782
8782
8784
8784
8785
8785
8785
8787
8791
8792
8793
8795
8796
8796
8797
8797
8798
8801
8802
8807
8807
8808
8809
8809
8812
8812
8813
8813
8816
8817
8821
8821
8821
8822
8825
8827
8827
8828
8830
8831
8833
8833
8834
8837
8837
8838
8838
8840
8842
8843
8845
8847
8848
8850
8851
8852
8861
8864
8864
8864
8865
8868
8868
8869
8870
8871
8873
8875
8875
8876
8877
8877
8879
8879
8880
8880
8881
8882
8884
8887
8887
8888
8892
8892
8893
8893
8898
8900
8901
8902
8902
8904
8905
8906
8906
8906
8906
8907
8908
8908
8909
8911
8912
8912
8914
8917
8918
8918
8919
8920
8920
8921
8921
8922
8923
8923
8923
8925
8925
8926
8928
8929
8929
8930
8932
8934
8938
8938
8939
8942
8943
8944
8944
8946
8946
8946
8946
8947
8951
8954
8955
8955
8956
8957
8957
8958
8960
8962
8962
8963
8963
8964
8965
8965
8967
8967
8967
8967
8967
8968
8971
8972
8972
8973
8974
8975
8975
8977
8980
8981
8982
8984
8985
8986
8987
8987
8988
8988
8989
8989
8990
8990
8991
8994
8995
8997
8999
9000
9000
9001
9002
9002
9004
9005
9006
9007
9007
9007
9009
9014
9014
9015
9016
9016
9016
9016
9018
9019
9021
9022
9023
9023
9023
9023
9024
9025
9025
9027
9028
9030
9032
9032
9033
9033
9034
9036
9036
9038
9043
9044
9045
9046
9046
9049
9051
9051
9052
9053
9054
9056
9057
9057
9057
9058
9059
9060
9063
9063
9066
9069
9072
9072
9073
9074
9074
9075
9075
9075
9077
9077
9079
9080
9081
9084
9084
9084
9086
9086
9088
9088
9089
9090
9092
9093
9093
9093
9095
9095
9096
9096
9097
9100
9101
9102
9103
9105
9106
9107
9107
9108
9109
9109
9111
9111
9111
9112
9112
9115
9116
9116
9116
9117
9118
9119
9121
9123
9125
9125
9126
9127
9127
9127
9127
9128
9130
9131
9132
9132
9133
9134
9135
9136
9136
9136
9137
9137
9140
9141
9142
9142
9143
9146
9147
9148
9149
9149
9150
9151
9151
9152
9152
9153
9153
9153
9153
9154
9154
9155
9159
9159
9159
9160
9160
9160
9161
9161
9162
9162
9163
9163
9164
9166
9166
9170
9172
9172
9174
9174
9174
9174
9175
9175
9175
9176
9176
9176
9177
9178
9179
9179
9180
9182
9183
9183
9183
9184
9184
9185
9185
9186
9187
9187
9188
9189
9189
9190
9191
9191
9192
9193
9193
9194
9194
9195
9195
9196
9196
9196
9197
9199
9199
9201
9205
9206
9207
9208
9209
9209
9209
9210
9211
9211
9211
9212
9214
9216
9217
9218
9218
9219
9219
9220
9221
9221
9225
9226
9226
9226
9226
9229
9229
9230
9230
9232
9232
9233
9234
9237
9237
9238
9238
9238
9239
9240
9241
9242
9242
9243
9245
9246
9248
9250
9251
9251
9252
9254
9254
9256
9257
9260
9261
9261
9261
9261
9263
9263
9264
9264
9264
9265
9265
9265
9266
9269
9269
9271
9271
9272
9276
9278
9278
9282
9283
9283
9285
9287
9287
9288
9288
9289
9291
9293
9294
9294
9295
9296
9297
9298
9298
9299
9299
9300
9301
9301
9301
9301
9304
9306
9306
9307
9310
9310
9311
9311
9312
9312
9312
9313
9315
9315
9316
9318
9318
9319
9319
9320
9321
9321
9322
9322
9323
9323
9323
9323
9324
9324
9325
9326
9326
9326
9328
9329
9332
9332
9334
9335
9335
9337
9338
9338
9339
9341
9342
9345
9346
9346
9347
9348
9348
9352
9352
9355
9355
9356
9356
9357
9357
9358
9362
9362
9364
9367
9367
9367
9368
9370
9371
9371
9372
9373
9373
9375
9375
9375
9376
9376
9376
9378
9383
9384
9385
9385
9385
9386
9387
9389
9389
9390
9390
9390
9391
9391
9392
9392
9394
9394
9396
9397
9398
9398
9400
9401
9407
9407
9407
9408
9410
9410
9412
9412
9413
9413
9414
9415
9417
9417
9417
9418
9419
9419
9422
9423
9425
9425
9426
9426
9427
9431
9431
9431
9432
9432
9433
9435
9436
9437
9437
9438
9439
9439
9440
9440
9441
9442
9443
9443
9445
9447
9447
9450
9450
9451
9452
9453
9456
9458
9461
9462
9464
9464
9464
9466
9470
9470
9470
9470
9475
9475
9476
9477
9479
9479
9480
9480
9484
9485
9487
9488
9490
9490
9492
9492
9492
9493
9493
9493
9494
9494
9494
9494
9496
9497
9498
9498
9499
9502
9502
9502
9502
9503
9506
9506
9507
9508
9508
9508
9508
9509
9510
9511
9511
9511
9511
9511
9512
9512
9514
9515
9517
9517
9517
9519
9520
9521
9521
9526
9529
9531
9532
9534
9534
9536
9536
9537
9537
9541
9546
9548
9549
9550
9553
9555
9556
9556
9556
9557
9558
9559
9562
9562
9564
9564
9567
9570
9570
9572
9573
9573
9576
9576
9577
9578
9579
9579
9579
9580
9580
9582
9582
9583
9583
9583
9585
9586
9586
9586
9587
9587
9587
9588
9589
9589
9589
9591
9591
9592
9593
9595
9596
9598
9599
9599
9599
9602
9602
9605
9606
9606
9606
9610
9610
9612
9613
9613
9615
9615
9616
9617
9617
9618
9619
9620
9621
9622
9627
9628
9629
9630
9630
9634
9635
9636
9636
9637
9639
9641
9641
9642
9643
9644
9645
9646
9647
9647
9649
9649
9651
9651
9652
9652
9653
9653
9653
9655
9656
9656
9658
9658
9658
9659
9660
9661
9662
9662
9663
9664
9665
9665
9666
9667
9667
9668
9669
9669
9670
9671
9671
9672
9673
9673
9674
9674
9675
9675
9677
9677
9679
9679
9680
9681
9681
9683
9683
9684
9685
9685
9686
9688
9689
9690
9690
9691
9691
9692
9693
9694
9695
9695
9696
9697
9697
9697
9698
9698
9699
9700
9701
9701
9702
9702
9703
9704
9705
9706
9707
9710
9710
9712
9713
9715
9717
9719
9719
9720
9721
9721
9723
9723
9723
9724
9725
9726
9726
9728
9729
9731
9731
9732
9733
9734
9735
9735
9737
9737
9738
9740
9742
9745
9749
9750
9751
9753
9754
9755
9757
9758
9758
9762
9764
9764
9767
9768
9768
9768
9768
9768
9770
9771
9772
9773
9773
9773
9773
9773
9777
9778
9778
9778
9778
9779
9780
9781
9783
9783
9784
9785
9786
9786
9787
9787
9787
9788
9789
9789
9791
9792
9792
9792
9793
9793
9793
9794
9796
9796
9797
9798
9799
9800
9801
9804
9804
9804
9804
9804
9804
9805
9805
9805
9805
9805
9807
9807
9808
9809
9811
9811
9812
9813
9813
9813
9814
9815
9816
9816
9817
9818
9819
9820
9821
9822
9823
9825
9826
9827
9829
9829
9830
9832
9832
9833
9837
9838
9840
9842
9843
9844
9844
9846
9846
9846
9848
9849
9850
9851
9852
9852
9853
9853
9854
9855
9856
9856
9857
9859
9860
9860
9863
9864
9865
9867
9867
9867
9869
9870
9870
9871
9871
9871
9872
9874
9878
9879
9880
9880
9881
9881
9882
9882
9883
9887
9887
9890
9891
9891
9893
9893
9893
9894
9895
9895
9897
9897
9900
9900
9900
9900
9901
9902
9905
9905
9905
9908
9912
9912
9913
9913
9914
9915
9915
9916
9916
9916
9916
9916
9917
9917
9917
9918
9918
9919
9919
9919
9920
9920
9921
9922
9923
9923
9923
9925
9928
9929
9929
9930
9930
9931
9933
9933
9936
9936
9936
9936
9937
9938
9940
9943
9943
9943
9944
9945
9945
9945
9946
9946
9947
9949
9950
9950
9950
9951
9951
9951
9955
9955
9955
9958
9958
9958
9958
9962
9962
9965
9966
9968
9969
9969
9970
9971
9973
9974
9975
9977
9977
9978
9980
9980
9980
9980
9981
9981
9983
9983
9983
9984
9985
9986
9986
9987
9990
9990
9990
9990
9990
9991
9991
9996
9997
9997
9998
9998
9998
9999
10000
10000
100000000
100000001
