10000000
100000001
10000
9997
9966
9958
9958
9950
9949
9946
9944
9925
9921
9916
9891
9890
9874
9867
9867
9864
9856
9850
9849
9842
9817
9816
9805
9805
9781
9762
9757
9749
9720
9710
9698
9695
9694
9681
9674
9658
9656
9653
9617
9610
9593
9586
9573
9570
9570
9564
9562
9559
9537
9517
9508
9498
9498
9477
9470
9470
9466
9458
9450
9439
9437
9410
9407
9375
9364
9355
9352
9346
9332
9323
9323
9301
9301
9266
9250
9240
9232
9218
9211
9199
9195
9194
9189
9183
9160
9159
9159
9149
9142
9140
9137
9130
9109
9100
9069
9057
9054
9051
9045
9022
9007
8962
8951
8923
8921
8909
8893
8870
8865
8851
8843
8840
8821
8812
8809
8785
8740
8734
8699
8695
8695
8695
8691
8687
8662
8649
8630
8617
8611
8604
8601
8601
8596
8576
8574
8567
8554
8547
8545
8544
8535
8500
8491
8487
8471
8470
8465
8423
8419
8415
8408
8404
8398
8397
8393
8390
8388
8386
8384
8384
8359
8321
8314
8310
8310
8309
8309
8306
8298
8268
8254
8248
8246
8236
8219
8208
8197
8197
8151
8134
8132
8128
8109
8109
8081
8079
8056
8050
8040
8031
8024
8021
8016
7989
7984
7984
7966
7962
7932
7923
7919
7908
7906
7877
7876
7875
7874
7873
7860
7850
7817
7809
7798
7789
7779
7772
7755
7749
7747
7730
7720
7719
7703
7692
7676
7667
7666
7655
7621
7593
7577
7567
7551
7551
7529
7527
7526
7499
7481
7459
7455
7439
7429
7426
7417
7415
7409
7387
7378
7377
7368
7357
7354
7340
7336
7331
7329
7327
7302
7296
7288
7254
7240
7229
7211
7206
7202
7197
7192
7191
7173
7142
7138
7132
7126
7121
7109
7098
7084
7077
7075
7073
7072
7064
7062
7058
7042
7029
7028
7026
7017
7007
7000
6988
6974
6948
6919
6910
6890
6868
6854
6821
6804
6794
6794
6790
6772
6769
6750
6749
6742
6696
6691
6688
6671
6655
6629
6627
6627
6625
6617
6607
6582
6581
6569
6544
6543
6538
6531
6526
6516
6496
6488
6447
6446
6439
6434
6423
6422
6413
6389
6384
6383
6381
6379
6373
6361
6354
6353
6349
6340
6326
6319
6311
6302
6289
6288
6270
6262
6261
6249
6235
6234
6210
6209
6198
6191
6186
6184
6180
6171
6165
6142
6132
6131
6127
6116
6109
6085
6066
6061
6052
6034
6028
6026
6012
6007
5995
5982
5970
5960
5952
5931
5931
5913
5909
5899
5889
5864
5858
5851
5844
5834
5816
5810
5807
5798
5780
5778
5777
5759
5752
5746
5729
5728
5725
5723
5719
5716
5714
5709
5706
5700
5696
5695
5693
5674
5674
5671
5663
5656
5652
5641
5639
5630
5629
5627
5625
5603
5597
5596
5596
5596
5592
5576
5568
5567
5528
5526
5500
5482
5478
5469
5468
5452
5417
5411
5409
5393
5382
5372
5368
5366
5366
5360
5359
5357
5353
5330
5313
5310
5296
5281
5279
5268
5263
5260
5240
5234
5211
5208
5198
5193
5187
5180
5170
5164
5146
5099
5097
5059
5049
5048
5044
5042
5030
5011
5009
5007
4993
4987
4986
4985
4967
4956
4950
4947
4942
4938
4922
4921
4904
4897
4891
4889
4884
4878
4876
4872
4857
4836
4828
4825
4816
4813
4808
4804
4782
4758
4755
4731
4664
4662
4659
4650
4638
4627
4625
4612
4584
4581
4539
4537
4534
4513
4470
4454
4453
4448
4432
4419
4400
4394
4388
4381
4379
4363
4353
4350
4343
4328
4324
4322
4319
4317
4315
4314
4313
4272
4229
4216
4211
4188
4155
4149
4139
4132
4114
4107
4096
4090
4047
4032
4007
3973
3963
3960
3951
3939
3919
3913
3896
3891
3885
3884
3882
3835
3829
3824
3806
3806
3806
3789
3781
3768
3765
3764
3756
3743
3740
3739
3733
3712
3702
3698
3696
3692
3689
3670
3654
3653
3648
3643
3640
3633
3625
3623
3604
3557
3553
3536
3533
3530
3528
3516
3514
3497
3495
3492
3484
3481
3470
3453
3443
3429
3423
3402
3382
3363
3355
3334
3322
3316
3294
3290
3283
3282
3280
3269
3266
3262
3259
3250
3227
3227
3220
3217
3214
3210
3209
3204
3196
3196
3191
3190
3187
3168
3163
3144
3141
3133
3127
3116
3101
3094
3089
3084
3083
3081
3075
3026
3025
3013
3012
2985
2985
2963
2961
2957
2948
2947
2938
2926
2918
2914
2890
2888
2887
2886
2858
2852
2811
2795
2771
2765
2754
2728
2714
2689
2684
2639
2635
2604
2588
2586
2583
2547
2504
2488
2434
2430
2429
2426
2423
2418
2416
2413
2399
2397
2395
2389
2351
2333
2323
2322
2320
2319
2314
2306
2299
2296
2254
2245
2244
2234
2221
2209
2198
2198
2189
2177
2164
2149
2146
2144
2142
2136
2130
2114
2095
2089
2088
2086
2083
2081
2069
2059
2033
2013
1999
1978
1978
1965
1964
1963
1935
1932
1932
1913
1912
1886
1861
1860
1854
1846
1821
1813
1805
1782
1777
1772
1730
1726
1724
1706
1705
1678
1671
1666
1665
1661
1657
1655
1654
1638
1616
1597
1587
1582
1570
1561
1558
1529
1491
1475
1455
1452
1437
1427
1414
1402
1401
1388
1383
1367
1360
1359
1344
1342
1341
1338
1314
1313
1304
1287
1285
1279
1268
1255
1252
1246
1219
1214
1213
1187
1179
1139
1134
1121
1116
1116
1105
1083
1076
1072
1062
1058
1056
1050
1044
1044
1043
1041
1024
1020
1018
1018
991
988
973
970
969
969
968
960
959
958
955
948
944
938
933
920
918
916
898
867
847
845
833
828
828
826
812
809
797
788
776
775
763
760
760
758
725
722
718
693
685
675
668
665
651
650
648
621
619
599
579
578
575
564
557
549
543
534
521
515
512
508
506
501
487
482
475
474
464
394
391
385
380
378
370
367
355
354
354
350
344
333
331
324
323
318
300
293
287
254
251
246
233
225
224
205
199
194
191
178
161
159
153
151
145
140
108
106
99
95
61
56
47
35
26
24
16
16
8
5
