10000000
100000001
10000
10000
9999
9998
9998
9998
9997
9997
9996
9991
9991
9990
9990
9990
9990
9990
9987
9986
9986
9985
9984
9983
9983
9983
9981
9981
9980
9980
9980
9980
9979
9978
9977
9977
9975
9974
9973
9971
9970
9969
9969
9968
9966
9965
9962
9962
9958
9958
9958
9958
9955
9955
9955
9951
9951
9951
9950
9950
9950
9949
9947
9946
9946
9945
9945
9945
9944
9943
9943
9943
9940
9938
9937
9936
9936
9936
9936
9933
9933
9931
9930
9930
9929
9929
9928
9925
9923
9923
9923
9922
9921
9920
9920
9919
9919
9919
9918
9918
9917
9917
9917
9916
9916
9916
9916
9916
9915
9915
9914
9913
9913
9912
9912
9908
9905
9905
9905
9902
9901
9900
9900
9900
9900
9897
9897
9895
9895
9894
9893
9893
9893
9891
9891
9890
9887
9887
9883
9882
9882
9881
9881
9880
9880
9879
9878
9874
9872
9871
9871
9871
9870
9870
9869
9867
9867
9867
9865
9864
9863
9860
9860
9859
9857
9856
9856
9855
9854
9853
9853
9852
9852
9851
9850
9849
9848
9846
9846
9846
9844
9844
9843
9842
9840
9838
9837
9833
9832
9832
9830
9829
9829
9827
9826
9825
9823
9822
9821
9820
9819
9818
9817
9816
9816
9815
9814
9813
9813
9813
9812
9811
9811
9809
9808
9807
9807
9805
9805
9805
9805
9805
9804
9804
9804
9804
9804
9804
9801
9800
9799
9798
9797
9796
9796
9794
9793
9793
9793
9792
9792
9792
9791
9789
9789
9788
9787
9787
9787
9786
9786
9785
9784
9783
9783
9781
9780
9779
9778
9778
9778
9778
9777
9773
9773
9773
9773
9773
9772
9771
9770
9768
9768
9768
9768
9768
9767
9764
9764
9762
9758
9758
9757
9755
9754
9753
9751
9750
9749
9745
9742
9740
9738
9737
9737
9735
9735
9734
9733
9732
9731
9731
9729
9728
9726
9726
9725
9724
9723
9723
9723
9721
9721
9720
9719
9719
9717
9715
9713
9712
9710
9710
9707
9706
9705
9704
9703
9702
9702
9701
9701
9700
9699
9698
9698
9697
9697
9697
9696
9695
9695
9694
9693
9692
9691
9691
9690
9690
9689
9688
9686
9685
9685
9684
9683
9683
9681
9681
9680
9679
9679
9677
9677
9675
9675
9674
9674
9673
9673
9672
9671
9671
9670
9669
9669
9668
9667
9667
9666
9665
9665
9664
9663
9662
9662
9661
9660
9659
9658
9658
9658
9656
9656
9655
9653
9653
9653
9652
9652
9651
9651
9649
9649
9647
9647
9646
9645
9644
9643
9642
9641
9641
9639
9637
9636
9636
9635
9634
9630
9630
9629
9628
9627
9622
9621
9620
9619
9618
9617
9617
9616
9615
9615
9613
9613
9612
9610
9610
9606
9606
9606
9605
9602
9602
9599
9599
9599
9598
9596
9595
9593
9592
9591
9591
9589
9589
9589
9588
9587
9587
9587
9586
9586
9586
9585
9583
9583
9583
9582
9582
9580
9580
9579
9579
9579
9578
9577
9576
9576
9573
9573
9572
9570
9570
9567
9564
9564
9562
9562
9559
9558
9557
9556
9556
9556
9555
9553
9550
9549
9548
9546
9541
9537
9537
9536
9536
9534
9534
9532
9531
9529
9526
9521
9521
9520
9519
9517
9517
9517
9515
9514
9512
9512
9511
9511
9511
9511
9511
9510
9509
9508
9508
9508
9508
9507
9506
9506
9503
9502
9502
9502
9502
9499
9498
9498
9497
9496
9494
9494
9494
9494
9493
9493
9493
9492
9492
9492
9490
9490
9488
9487
9485
9484
9480
9480
9479
9479
9477
9476
9475
9475
9470
9470
9470
9470
9466
9464
9464
9464
9462
9461
9458
9456
9453
9452
9451
9450
9450
9447
9447
9445
9443
9443
9442
9441
9440
9440
9439
9439
9438
9437
9437
9436
9435
9433
9432
9432
9431
9431
9431
9427
9426
9426
9425
9425
9423
9422
9419
9419
9418
9417
9417
9417
9415
9414
9413
9413
9412
9412
9410
9410
9408
9407
9407
9407
9401
9400
9398
9398
9397
9396
9394
9394
9392
9392
9391
9391
9390
9390
9390
9389
9389
9387
9386
9385
9385
9385
9384
9383
9378
9376
9376
9376
9375
9375
9375
9373
9373
9372
9371
9371
9370
9368
9367
9367
9367
9364
9362
9362
9358
9357
9357
9356
9356
9355
9355
9352
9352
9348
9348
9347
9346
9346
9345
9342
9341
9339
9338
9338
9337
9335
9335
9334
9332
9332
9329
9328
9326
9326
9326
9325
9324
9324
9323
9323
9323
9323
9322
9322
9321
9321
9320
9319
9319
9318
9318
9316
9315
9315
9313
9312
9312
9312
9311
9311
9310
9310
9307
9306
9306
9304
9301
9301
9301
9301
9300
9299
9299
9298
9298
9297
9296
9295
9294
9294
9293
9291
9289
9288
9288
9287
9287
9285
9283
9283
9282
9278
9278
9276
9272
9271
9271
9269
9269
9266
9265
9265
9265
9264
9264
9264
9263
9263
9261
9261
9261
9261
9260
9257
9256
9254
9254
9252
9251
9251
9250
9248
9246
9245
9243
9242
9242
9241
9240
9239
9238
9238
9238
9237
9237
9234
9233
9232
9232
9230
9230
9229
9229
9226
9226
9226
9226
9225
9221
9221
9220
9219
9219
9218
9218
9217
9216
9214
9212
9211
9211
9211
9210
9209
9209
9209
9208
9207
9206
9205
9201
9199
9199
9197
9196
9196
9196
9195
9195
9194
9194
9193
9193
9192
9191
9191
9190
9189
9189
9188
9187
9187
9186
9185
9185
9184
9184
9183
9183
9183
9182
9180
9179
9179
9178
9177
9176
9176
9176
9175
9175
9175
9174
9174
9174
9174
9172
9172
9170
9166
9166
9164
9163
9163
9162
9162
9161
9161
9160
9160
9160
9159
9159
9159
9155
9154
9154
9153
9153
9153
9153
9152
9152
9151
9151
9150
9149
9149
9148
9147
9146
9143
9142
9142
9141
9140
9137
9137
9136
9136
9136
9135
9134
9133
9132
9132
9131
9130
9128
9127
9127
9127
9127
9126
9125
9125
9123
9121
9119
9118
9117
9116
9116
9116
9115
9112
9112
9111
9111
9111
9109
9109
9108
9107
9107
9106
9105
9103
9102
9101
9100
9097
9096
9096
9095
9095
9093
9093
9093
9092
9090
9089
9088
9088
9086
9086
9084
9084
9084
9081
9080
9079
9077
9077
9075
9075
9075
9074
9074
9073
9072
9072
9069
9066
9063
9063
9060
9059
9058
9057
9057
9057
9056
9054
9053
9052
9051
9051
9049
9046
9046
9045
9044
9043
9038
9036
9036
9034
9033
9033
9032
9032
9030
9028
9027
9025
9025
9024
9023
9023
9023
9023
9022
9021
9019
9018
9016
9016
9016
9016
9015
9014
9014
9009
9007
9007
9007
9006
9005
9004
9002
9002
9001
9000
9000
8999
8997
8995
8994
8991
8990
8990
8989
8989
8988
8988
8987
8987
8986
8985
8984
8982
8981
8980
8977
8975
8975
8974
8973
8972
8972
8971
8968
8967
8967
8967
8967
8967
8965
8965
8964
8963
8963
8962
8962
8960
8958
8957
8957
8956
8955
8955
8954
8951
8947
8946
8946
8946
8946
8944
8944
8943
8942
8939
8938
8938
8934
8932
8930
8929
8929
8928
8926
8925
8925
8923
8923
8923
8922
8921
8921
8920
8920
8919
8918
8918
8917
8914
8912
8912
8911
8909
8908
8908
8907
8906
8906
8906
8906
8905
8904
8902
8902
8901
8900
8898
8893
8893
8892
8892
8888
8887
8887
8884
8882
8881
8880
8880
8879
8879
8877
8877
8876
8875
8875
8873
8871
8870
8869
8868
8868
8865
8864
8864
8864
8861
8852
8851
8850
8848
8847
8845
8843
8842
8840
8838
8838
8837
8837
8834
8833
8833
8831
8830
8828
8827
8827
8825
8822
8821
8821
8821
8817
8816
8813
8813
8812
8812
8809
8809
8808
8807
8807
8802
8801
8798
8797
8797
8796
8796
8795
8793
8792
8791
8787
8785
8785
8785
8784
8784
8782
8782
8781
8779
8779
8779
8778
8778
8777
8774
8772
8771
8771
8771
8769
8767
8765
8763
8762
8760
8760
8759
8758
8757
8755
8754
8751
8750
8749
8747
8742
8742
8741
8740
8739
8739
8738
8738
8738
8736
8735
8734
8734
8734
8734
8732
8731
8726
8726
8725
8724
8722
8720
8719
8718
8717
8717
8715
8715
8715
8714
8714
8713
8713
8712
8712
8711
8711
8710
8704
8704
8703
8703
8700
8700
8700
8699
8699
8698
8696
8695
8695
8695
8695
8695
8691
8691
8690
8689
8688
8687
8687
8686
8682
8682
8679
8679
8677
8676
8675
8672
8672
8670
8665
8664
8664
8664
8663
8662
8662
8661
8656
8652
8650
8650
8649
8649
8649
8649
8648
8646
8645
8644
8643
8641
8641
8640
8635
8634
8634
8634
8634
8633
8633
8632
8631
8631
8630
8630
8630
8628
8627
8627
8626
8625
8624
8624
8623
8623
8623
8622
8622
8621
8621
8621
8620
8618
8618
8618
8618
8618
8617
8617
8617
8617
8617
8616
8616
8612
8612
8612
8611
8611
8611
8610
8610
8610
8609
8607
8607
8604
8604
8604
8604
8603
8601
8601
8600
8597
8596
8595
8594
8589
8589
8589
8589
8589
8587
8585
8585
8584
8580
8578
8578
8576
8575
8575
8575
8574
8573
8572
8569
8568
8568
8567
8567
8564
8563
8560
8560
8559
8559
8557
8556
8554
8554
8554
8553
8553
8553
8551
8550
8548
8548
8547
8547
8546
8545
8545
8545
8544
8541
8536
8536
8535
8534
8533
8533
8532
8531
8530
8530
8528
8526
8526
8525
8523
8523
8522
8522
8522
8521
8521
8517
8517
8514
8514
8511
8510
8506
8506
8506
8501
8501
8501
8501
8500
8499
8498
8498
8497
8496
8495
8495
8494
8493
8491
8491
8490
8489
8489
8488
8488
8487
8486
8484
8482
8482
8482
8481
8480
8479
8476
8471
8471
8470
8468
8467
8467
8465
8465
8465
8464
8462
8462
8460
8459
8459
8458
8452
8452
8452
8451
8449
8447
8446
8446
8446
8444
8444
8444
8442
8441
8435
8435
8434
8433
8432
8432
8431
8427
8426
8426
8424
8424
8423
8423
8423
8422
8422
8422
8421
8420
8420
8420
8419
8419
8418
8418
8417
8417
8415
8414
8414
8413
8412
8411
8408
8405
8404
8404
8403
8400
8400
8398
8398
8398
8397
8397
8396
8394
8394
8393
8390
8390
8389
8388
8388
8387
8386
8384
8384
8384
8384
8383
8383
8381
8381
8379
8379
8378
8377
8377
8374
8374
8373
8373
8372
8372
8371
8370
8370
8369
8367
8367
8366
8365
8362
8360
8360
8359
8359
8357
8357
8351
8351
8351
8349
8347
8347
8346
8344
8344
8343
8343
8343
8342
8341
8339
8339
8339
8337
8336
8336
8329
8329
8329
8326
8325
8321
8321
8321
8320
8319
8317
8316
8315
8314
8314
8313
8313
8310
8310
8309
8309
8309
8307
8307
8306
8305
8304
8303
8303
8302
8301
8299
8298
8297
8295
8294
8294
8291
8289
8288
8287
8287
8287
8286
8286
8285
8284
8283
8282
8282
8282
8276
8276
8275
8274
8274
8271
8271
8270
8268
8268
8268
8267
8267
8267
8263
8263
8262
8262
8261
8260
8260
8259
8258
8258
8257
8256
8255
8254
8254
8251
8250
8249
8248
8248
8246
8246
8246
8243
8239
8239
8238
8238
8238
8237
8237
8236
8234
8233
8233
8228
8223
8220
8219
8219
8219
8217
8216
8215
8211
8211
8211
8210
8210
8208
8207
8207
8205
8205
8199
8197
8197
8196
8196
8195
8194
8193
8191
8189
8187
8185
8183
8183
8181
8181
8180
8176
8175
8175
8175
8175
8175
8173
8172
8171
8171
8171
8169
8169
8168
8168
8167
8167
8166
8162
8161
8160
8159
8158
8154
8153
8153
8153
8153
8151
8151
8151
8151
8150
8150
8150
8150
8149
8149
8149
8148
8146
8145
8145
8143
8141
8141
8140
8139
8139
8139
8137
8136
8136
8134
8134
8134
8133
8132
8132
8129
8128
8127
8122
8122
8121
8121
8120
8120
8116
8115
8113
8113
8112
8110
8110
8109
8109
8107
8107
8104
8104
8103
8102
8101
8101
8101
8100
8100
8096
8094
8092
8092
8092
8091
8089
8087
8085
8085
8085
8083
8083
8082
8081
8079
8079
8078
8078
8075
8074
8073
8071
8071
8066
8064
8063
8063
8057
8057
8057
8056
8055
8055
8053
8052
8050
8050
8050
8050
8049
8046
8043
8043
8041
8040
8039
8037
8036
8036
8035
8034
8032
8032
8031
8028
8028
8028
8028
8027
8026
8024
8024
8023
8023
8022
8021
8021
8020
8019
8019
8018
8018
8017
8017
8017
8016
8014
8013
8012
8011
8010
8010
8009
8008
8001
8000
7999
7999
7998
7997
7997
7997
7997
7997
7995
7994
7994
7994
7994
7992
7992
7990
7990
7989
7989
7988
7987
7987
7987
7986
7985
7985
7984
7984
7983
7983
7983
7982
7980
7980
7978
7977
7976
7974
7973
7971
7970
7970
7968
7968
7966
7966
7965
7964
7964
7962
7962
7961
7961
7958
7957
7956
7956
7954
7953
7948
7948
7945
7943
7943
7940
7940
7940
7939
7938
7935
7934
7932
7932
7929
7928
7927
7924
7923
7922
7921
7919
7919
7918
7918
7915
7915
7914
7911
7910
7909
7908
7907
7906
7906
7906
7903
7901
7901
7900
7900
7900
7900
7899
7899
7899
7898
7898
7897
7897
7896
7893
7893
7889
7888
7886
7886
7885
7884
7883
7883
7882
7880
7879
7878
7877
7877
7877
7876
7875
7875
7875
7874
7873
7869
7869
7868
7863
7861
7861
7860
7858
7858
7857
7854
7853
7852
7851
7850
7850
7848
7846
7845
7842
7840
7839
7837
7837
7836
7836
7835
7835
7834
7831
7829
7828
7827
7827
7819
7818
7818
7817
7817
7816
7814
7814
7813
7812
7812
7811
7811
7810
7810
7809
7806
7805
7805
7805
7803
7799
7798
7798
7798
7796
7796
7793
7792
7790
7789
7788
7788
7787
7787
7786
7786
7785
7783
7783
7780
7780
7779
7779
7779
7777
7777
7776
7776
7775
7775
7773
7772
7772
7771
7770
7769
7769
7768
7768
7767
7765
7764
7763
7763
7763
7758
7757
7756
7755
7755
7754
7752
7749
7749
7749
7747
7747
7742
7740
7738
7738
7735
7731
7730
7729
7729
7727
7726
7725
7725
7723
7723
7722
7720
7719
7719
7717
7715
7714
7714
7712
7712
7711
7711
7709
7708
7707
7707
7705
7705
7703
7702
7699
7698
7697
7695
7694
7692
7692
7691
7691
7688
7688
7687
7687
7685
7684
7684
7682
7681
7680
7679
7679
7677
7677
7676
7675
7675
7674
7670
7667
7666
7664
7664
7664
7663
7662
7661
7659
7659
7658
7656
7655
7655
7653
7653
7653
7652
7652
7652
7649
7648
7647
7644
7643
7641
7640
7639
7639
7638
7636
7635
7633
7632
7632
7632
7630
7629
7626
7624
7623
7621
7621
7621
7619
7619
7619
7617
7617
7611
7610
7606
7605
7604
7600
7600
7599
7597
7596
7596
7595
7595
7595
7594
7594
7594
7594
7593
7591
7590
7589
7585
7584
7580
7579
7579
7579
7577
7577
7576
7576
7576
7575
7575
7574
7574
7573
7572
7571
7571
7570
7568
7568
7567
7567
7563
7563
7562
7562
7562
7561
7561
7558
7555
7555
7554
7551
7551
7547
7545
7544
7544
7544
7540
7540
7539
7539
7534
7533
7533
7531
7531
7530
7530
7529
7527
7527
7527
7527
7526
7525
7525
7524
7524
7522
7522
7519
7517
7516
7516
7514
7513
7512
7511
7510
7509
7509
7509
7507
7506
7503
7502
7502
7500
7499
7498
7496
7495
7493
7493
7491
7491
7491
7490
7490
7487
7486
7484
7484
7483
7483
7481
7481
7479
7475
7475
7475
7474
7473
7470
7469
7469
7465
7464
7463
7461
7461
7459
7459
7459
7458
7457
7456
7455
7454
7453
7453
7451
7450
7450
7449
7448
7448
7446
7446
7443
7443
7443
7441
7439
7439
7438
7437
7434
7434
7433
7432
7432
7431
7431
7431
7430
7429
7427
7427
7426
7426
7426
7426
7425
7418
7418
7417
7416
7415
7413
7413
7411
7410
7410
7409
7409
7409
7409
7408
7408
7407
7407
7404
7402
7402
7398
7397
7396
7396
7394
7393
7391
7391
7391
7390
7389
7387
7386
7385
7385
7384
7379
7379
7379
7379
7378
7378
7377
7375
7374
7373
7373
7371
7371
7370
7369
7369
7368
7366
7364
7363
7361
7357
7354
7354
7354
7354
7353
7352
7349
7349
7348
7346
7343
7341
7340
7340
7338
7338
7337
7337
7336
7336
7336
7336
7335
7334
7334
7334
7331
7330
7330
7329
7329
7329
7329
7328
7328
7327
7327
7326
7326
7322
7320
7317
7316
7313
7310
7307
7307
7306
7306
7306
7303
7303
7302
7301
7299
7297
7296
7295
7293
7293
7293
7290
7289
7288
7288
7287
7286
7286
7284
7283
7282
7281
7280
7280
7279
7279
7278
7277
7277
7276
7275
7274
7272
7270
7270
7269
7269
7269
7269
7268
7268
7267
7265
7265
7265
7264
7263
7263
7263
7263
7259
7258
7257
7255
7255
7254
7250
7249
7249
7249
7248
7248
7247
7246
7245
7244
7244
7243
7240
7240
7236
7235
7235
7233
7232
7232
7231
7230
7229
7229
7228
7227
7227
7227
7224
7223
7222
7221
7220
7220
7217
7216
7213
7213
7212
7212
7212
7211
7211
7210
7208
7206
7206
7206
7206
7205
7203
7202
7202
7200
7200
7199
7199
7197
7194
7194
7193
7192
7191
7191
7190
7189
7188
7187
7185
7184
7184
7184
7183
7183
7182
7182
7180
7179
7178
7177
7177
7177
7174
7174
7173
7173
7169
7169
7168
7166
7166
7165
7164
7164
7163
7163
7161
7161
7160
7160
7158
7155
7154
7153
7150
7148
7146
7145
7144
7144
7143
7142
7142
7142
7140
7140
7138
7136
7135
7135
7134
7132
7131
7131
7129
7128
7126
7126
7126
7125
7123
7123
7123
7122
7121
7120
7120
7119
7117
7116
7116
7114
7113
7113
7112
7111
7111
7110
7110
7109
7109
7109
7108
7107
7106
7106
7104
7103
7100
7098
7097
7096
7096
7095
7095
7094
7092
7091
7089
7088
7087
7086
7086
7085
7084
7084
7084
7083
7082
7081
7080
7079
7078
7077
7075
7075
7074
7074
7073
7072
7070
7069
7068
7068
7067
7067
7067
7066
7064
7063
7063
7062
7061
7060
7058
7058
7058
7057
7056
7056
7054
7053
7053
7051
7051
7051
7049
7049
7048
7048
7047
7044
7044
7043
7042
7041
7040
7039
7039
7038
7037
7036
7033
7030
7029
7028
7028
7028
7027
7026
7026
7025
7023
7022
7022
7022
7021
7021
7021
7021
7020
7019
7019
7017
7017
7017
7013
7012
7012
7011
7011
7011
7011
7010
7010
7007
7007
7006
7006
7004
7001
7000
6999
6999
6996
6996
6995
6995
6993
6992
6991
6991
6989
6989
6988
6987
6984
6981
6981
6979
6979
6977
6977
6976
6976
6974
6973
6973
6972
6972
6969
6968
6968
6967
6965
6964
6962
6961
6958
6958
6956
6954
6952
6948
6948
6946
6946
6940
6938
6936
6935
6935
6934
6933
6932
6929
6929
6929
6929
6926
6926
6925
6925
6924
6923
6922
6919
6919
6919
6915
6915
6914
6914
6911
6910
6909
6908
6906
6905
6903
6901
6901
6900
6900
6900
6899
6899
6897
6896
6896
6890
6890
6890
6889
6888
6888
6886
6885
6884
6884
6883
6883
6882
6881
6881
6879
6878
6877
6876
6874
6872
6872
6872
6871
6871
6869
6868
6868
6867
6867
6867
6867
6865
6865
6864
6863
6863
6862
6861
6860
6860
6859
6859
6858
6857
6854
6854
6853
6853
6852
6852
6850
6850
6850
6850
6849
6849
6847
6847
6843
6842
6841
6841
6841
6839
6837
6836
6835
6834
6834
6832
6832
6831
6829
6828
6825
6821
6821
6819
6818
6818
6817
6817
6816
6814
6812
6812
6810
6809
6805
6805
6805
6804
6803
6803
6803
6800
6800
6800
6797
6796
6796
6796
6795
6794
6794
6794
6794
6794
6794
6793
6792
6791
6790
6790
6789
6789
6788
6786
6785
6785
6785
6784
6784
6784
6783
6783
6782
6781
6781
6778
6777
6777
6772
6771
6771
6771
6769
6767
6763
6763
6759
6759
6759
6758
6757
6757
6754
6753
6753
6750
6750
6750
6750
6749
6749
6748
6747
6746
6745
6745
6745
6745
6743
6742
6742
6742
6741
6739
6739
6737
6736
6733
6732
6731
6731
6730
6730
6730
6727
6725
6723
6722
6721
6720
6719
6718
6716
6715
6713
6713
6712
6712
6712
6712
6706
6706
6705
6703
6701
6700
6698
6697
6696
6696
6696
6696
6695
6693
6693
6693
6692
6691
6691
6690
6690
6689
6688
6687
6687
6683
6682
6682
6680
6680
6680
6679
6678
6678
6677
6671
6670
6670
6669
6667
6665
6665
6665
6661
6660
6660
6657
6657
6656
6656
6655
6655
6654
6652
6652
6651
6650
6649
6648
6648
6647
6646
6644
6643
6643
6642
6642
6641
6641
6637
6636
6635
6634
6630
6630
6629
6628
6628
6628
6627
6627
6627
6626
6626
6625
6623
6623
6622
6622
6621
6619
6617
6617
6617
6617
6617
6615
6615
6614
6613
6613
6613
6613
6612
6612
6612
6612
6611
6610
6608
6607
6607
6607
6606
6605
6605
6603
6602
6600
6599
6597
6596
6596
6595
6595
6595
6595
6595
6594
6593
6592
6589
6587
6587
6586
6585
6585
6584
6583
6583
6582
6582
6581
6577
6576
6575
6574
6573
6572
6569
6566
6565
6564
6564
6562
6562
6562
6561
6561
6560
6559
6559
6558
6557
6554
6553
6553
6552
6552
6550
6550
6549
6548
6546
6545
6544
6544
6544
6543
6543
6543
6541
6540
6538
6538
6536
6535
6534
6533
6533
6533
6532
6532
6531
6531
6528
6527
6527
6526
6526
6526
6522
6521
6519
6519
6518
6516
6516
6515
6515
6512
6512
6510
6509
6509
6508
6506
6506
6506
6506
6502
6500
6498
6497
6497
6496
6496
6495
6495
6494
6492
6491
6490
6489
6488
6488
6487
6487
6486
6486
6485
6485
6485
6484
6482
6481
6481
6477
6476
6476
6474
6473
6472
6472
6471
6471
6466
6466
6465
6463
6462
6460
6459
6458
6458
6458
6457
6455
6454
6454
6454
6453
6453
6453
6452
6452
6452
6451
6451
6451
6449
6449
6448
6447
6447
6446
6445
6444
6443
6442
6442
6441
6441
6440
6439
6439
6437
6434
6434
6433
6433
6432
6431
6431
6431
6430
6428
6426
6426
6423
6422
6421
6420
6420
6419
6419
6418
6417
6415
6413
6413
6412
6411
6411
6410
6408
6407
6405
6405
6403
6403
6402
6401
6401
6400
6397
6396
6394
6393
6392
6392
6390
6389
6389
6388
6386
6385
6384
6384
6383
6383
6382
6381
6380
6380
6379
6379
6378
6377
6376
6376
6375
6375
6373
6373
6372
6372
6372
6370
6369
6369
6368
6367
6366
6366
6365
6364
6364
6363
6363
6361
6361
6358
6358
6358
6357
6356
6355
6354
6354
6353
6353
6351
6350
6350
6350
6349
6348
6348
6346
6346
6345
6344
6344
6343
6342
6342
6341
6340
6340
6339
6336
6335
6334
6334
6334
6332
6331
6331
6331
6330
6330
6330
6328
6326
6326
6326
6326
6325
6325
6325
6323
6323
6323
6322
6322
6321
6320
6319
6319
6318
6317
6315
6315
6311
6310
6310
6308
6307
6305
6305
6304
6304
6302
6302
6300
6297
6294
6293
6292
6291
6290
6289
6289
6289
6288
6286
6284
6283
6282
6282
6278
6276
6275
6275
6275
6274
6274
6272
6272
6272
6271
6270
6270
6267
6266
6263
6262
6262
6262
6261
6261
6260
6259
6253
6251
6251
6251
6250
6249
6249
6249
6249
6248
6248
6246
6246
6245
6244
6244
6244
6243
6242
6240
6240
6238
6238
6237
6236
6235
6235
6235
6234
6234
6234
6229
6229
6227
6225
6225
6224
6222
6222
6222
6221
6219
6218
6218
6217
6217
6217
6217
6216
6215
6215
6212
6212
6211
6211
6210
6210
6209
6208
6206
6206
6206
6202
6200
6199
6198
6197
6196
6194
6193
6193
6192
6191
6191
6190
6189
6188
6188
6187
6186
6186
6186
6186
6184
6184
6182
6181
6181
6181
6181
6180
6179
6179
6178
6177
6176
6175
6174
6173
6173
6172
6171
6171
6171
6169
6168
6168
6167
6167
6166
6165
6164
6164
6164
6159
6159
6159
6158
6158
6157
6156
6156
6154
6154
6153
6151
6151
6150
6150
6150
6149
6148
6146
6145
6144
6144
6144
6143
6142
6141
6140
6140
6140
6138
6137
6136
6136
6134
6133
6132
6132
6131
6131
6131
6130
6128
6127
6125
6125
6122
6122
6121
6121
6121
6120
6118
6117
6116
6116
6116
6116
6113
6111
6111
6109
6108
6108
6106
6103
6103
6102
6102
6100
6098
6097
6095
6094
6093
6093
6092
6091
6091
6090
6089
6089
6088
6086
6085
6081
6080
6080
6079
6079
6078
6078
6074
6073
6071
6071
6070
6069
6069
6067
6066
6065
6064
6064
6063
6063
6061
6061
6059
6058
6058
6058
6057
6056
6055
6054
6054
6053
6052
6051
6051
6050
6047
6044
6044
6043
6043
6042
6039
6038
6038
6036
6034
6034
6032
6032
6031
6029
6028
6028
6026
6026
6026
6026
6022
6020
6020
6019
6019
6015
6015
6012
6012
6012
6011
6011
6011
6010
6009
6007
6007
6007
6006
6005
6004
6003
6003
6001
6000
5999
5999
5997
5995
5993
5993
5991
5991
5987
5986
5986
5985
5984
5983
5983
5983
5982
5981
5981
5978
5977
5976
5976
5975
5975
5973
5972
5972
5971
5970
5967
5966
5966
5966
5965
5965
5965
5964
5963
5962
5960
5960
5958
5955
5954
5953
5953
5953
5953
5952
5950
5949
5948
5948
5948
5947
5946
5944
5941
5940
5939
5939
5937
5936
5935
5934
5932
5931
5931
5931
5931
5931
5931
5929
5926
5923
5923
5923
5923
5922
5921
5920
5917
5917
5916
5915
5914
5914
5913
5912
5911
5911
5910
5909
5903
5903
5902
5902
5902
5901
5899
5897
5896
5895
5895
5895
5895
5894
5891
5890
5889
5889
5889
5887
5887
5886
5885
5885
5884
5883
5882
5882
5880
5878
5877
5876
5876
5875
5875
5874
5870
5868
5868
5867
5867
5867
5865
5864
5862
5861
5861
5861
5860
5859
5858
5858
5857
5856
5855
5855
5853
5851
5850
5848
5847
5847
5846
5845
5845
5845
5844
5844
5844
5843
5842
5842
5842
5842
5840
5837
5836
5835
5834
5834
5834
5831
5831
5829
5828
5826
5826
5824
5824
5823
5823
5820
5819
5817
5816
5814
5813
5813
5812
5810
5809
5808
5808
5808
5808
5807
5807
5805
5804
5804
5803
5802
5801
5801
5801
5800
5799
5798
5798
5797
5794
5792
5792
5790
5789
5788
5783
5782
5781
5781
5780
5780
5780
5778
5778
5777
5777
5775
5773
5773
5772
5772
5769
5769
5768
5766
5766
5766
5765
5764
5764
5763
5763
5762
5761
5761
5760
5759
5759
5759
5759
5757
5756
5755
5755
5753
5752
5752
5752
5752
5750
5749
5748
5746
5746
5743
5742
5742
5742
5740
5740
5739
5738
5738
5735
5735
5734
5733
5732
5730
5730
5730
5729
5729
5728
5726
5726
5726
5725
5724
5723
5723
5723
5722
5720
5720
5719
5718
5717
5716
5716
5715
5715
5714
5714
5712
5711
5709
5709
5708
5706
5704
5702
5702
5701
5701
5700
5700
5700
5700
5698
5698
5698
5696
5696
5695
5695
5694
5693
5693
5692
5691
5691
5690
5687
5687
5685
5685
5685
5685
5684
5681
5681
5680
5677
5677
5676
5676
5674
5674
5674
5672
5672
5671
5671
5671
5669
5667
5667
5667
5667
5667
5666
5665
5663
5662
5661
5660
5660
5660
5659
5659
5657
5657
5657
5656
5655
5655
5654
5654
5653
5652
5652
5650
5650
5649
5647
5647
5647
5647
5645
5645
5645
5642
5641
5640
5639
5639
5638
5638
5637
5635
5634
5633
5630
5629
5629
5627
5627
5626
5625
5623
5621
5618
5617
5615
5615
5614
5614
5614
5612
5611
5611
5611
5611
5607
5606
5605
5603
5603
5602
5599
5598
5598
5597
5597
5596
5596
5596
5592
5591
5591
5590
5589
5589
5589
5588
5588
5587
5586
5586
5586
5586
5586
5585
5584
5584
5582
5582
5582
5580
5580
5576
5576
5575
5574
5573
5573
5572
5571
5569
5568
5568
5567
5563
5562
5562
5559
5556
5555
5554
5554
5554
5552
5552
5552
5550
5549
5546
5545
5545
5544
5544
5544
5541
5540
5539
5537
5536
5536
5535
5535
5535
5533
5533
5532
5530
5529
5528
5527
5526
5522
5522
5520
5519
5517
5516
5514
5512
5512
5511
5509
5508
5508
5508
5505
5503
5503
5502
5501
5501
5500
5499
5499
5499
5499
5498
5497
5497
5495
5494
5492
5491
5487
5487
5486
5486
5486
5486
5485
5485
5485
5485
5484
5483
5482
5480
5478
5478
5477
5477
5474
5474
5474
5472
5472
5471
5471
5470
5470
5470
5469
5469
5468
5467
5467
5467
5466
5465
5463
5460
5459
5459
5459
5459
5459
5459
5458
5455
5455
5452
5452
5450
5449
5449
5445
5442
5439
5438
5437
5432
5430
5430
5428
5426
5426
5426
5424
5424
5424
5423
5423
5421
5418
5418
5417
5417
5414
5413
5412
5412
5412
5411
5411
5410
5409
5409
5407
5407
5406
5406
5404
5404
5402
5402
5398
5397
5393
5391
5390
5389
5388
5387
5386
5386
5382
5378
5378
5377
5377
5377
5375
5373
5372
5372
5369
5368
5367
5366
5366
5365
5364
5363
5363
5361
5360
5359
5359
5358
5358
5357
5357
5357
5355
5354
5353
5349
5348
5347
5347
5347
5345
5344
5344
5342
5341
5341
5339
5337
5336
5336
5335
5332
5332
5330
5330
5330
5329
5329
5327
5327
5327
5325
5325
5324
5324
5323
5321
5320
5320
5319
5319
5316
5314
5313
5313
5312
5311
5310
5310
5309
5308
5308
5307
5305
5305
5304
5303
5303
5303
5301
5301
5300
5300
5300
5298
5296
5295
5294
5293
5292
5292
5291
5290
5290
5286
5286
5286
5285
5285
5285
5282
5281
5281
5280
5279
5279
5278
5277
5276
5275
5275
5274
5270
5270
5270
5269
5268
5268
5267
5267
5265
5265
5265
5265
5265
5264
5264
5263
5260
5260
5259
5259
5259
5259
5257
5256
5255
5255
5254
5251
5251
5249
5248
5247
5245
5244
5241
5240
5239
5238
5238
5238
5235
5234
5232
5228
5227
5226
5225
5225
5222
5222
5221
5220
5217
5212
5211
5211
5210
5208
5207
5206
5205
5204
5201
5200
5200
5200
5199
5198
5198
5198
5197
5195
5195
5194
5193
5193
5192
5191
5191
5191
5189
5189
5189
5188
5188
5187
5187
5185
5182
5180
5180
5180
5179
5179
5178
5176
5174
5174
5170
5170
5170
5169
5167
5166
5164
5162
5161
5159
5158
5158
5156
5155
5155
5154
5149
5149
5147
5146
5146
5145
5144
5144
5144
5141
5140
5139
5138
5138
5138
5138
5137
5136
5136
5133
5133
5133
5131
5130
5129
5129
5127
5127
5126
5126
5125
5124
5122
5122
5122
5122
5121
5117
5114
5111
5110
5110
5109
5108
5108
5106
5105
5104
5103
5102
5102
5101
5100
5099
5099
5099
5097
5097
5097
5096
5096
5095
5090
5090
5089
5089
5089
5088
5088
5086
5085
5084
5083
5083
5082
5079
5079
5077
5076
5075
5073
5071
5070
5070
5069
5067
5065
5064
5064
5064
5063
5059
5059
5059
5058
5057
5057
5056
5056
5056
5055
5054
5053
5053
5053
5052
5052
5050
5050
5049
5049
5048
5047
5044
5044
5044
5043
5042
5042
5041
5041
5041
5039
5039
5038
5038
5038
5036
5035
5033
5032
5031
5031
5030
5029
5029
5027
5026
5026
5023
5022
5021
5018
5016
5014
5011
5010
5009
5009
5009
5008
5008
5007
5006
5005
5005
5003
5002
5001
4997
4997
4996
4995
4993
4992
4991
4988
4988
4987
4987
4986
4986
4986
4985
4984
4981
4981
4981
4979
4978
4977
4977
4977
4977
4974
4974
4973
4971
4969
4967
4967
4967
4966
4965
4965
4964
4963
4960
4960
4956
4954
4952
4950
4950
4950
4949
4947
4947
4947
4945
4942
4942
4941
4941
4941
4941
4938
4937
4937
4936
4935
4935
4935
4934
4932
4930
4928
4927
4926
4923
4923
4922
4922
4921
4920
4919
4917
4916
4916
4915
4913
4913
4911
4908
4907
4905
4905
4905
4904
4904
4903
4903
4901
4900
4897
4897
4891
4891
4889
4888
4887
4886
4884
4884
4884
4884
4883
4883
4880
4879
4879
4878
4878
4878
4876
4876
4876
4876
4875
4874
4873
4872
4872
4872
4871
4871
4867
4867
4867
4865
4865
4863
4863
4861
4859
4859
4857
4857
4856
4853
4852
4851
4851
4850
4850
4848
4848
4846
4845
4845
4845
4844
4844
4844
4843
4840
4838
4837
4836
4836
4831
4830
4829
4828
4825
4824
4822
4822
4821
4819
4819
4818
4817
4817
4817
4817
4816
4816
4814
4813
4813
4808
4807
4807
4804
4804
4804
4804
4802
4801
4801
4800
4798
4797
4796
4796
4795
4794
4794
4792
4792
4791
4791
4788
4788
4788
4785
4784
4784
4784
4783
4782
4782
4782
4781
4777
4775
4773
4771
4771
4770
4768
4768
4767
4765
4763
4761
4759
4759
4759
4758
4758
4758
4757
4757
4755
4752
4747
4746
4745
4744
4743
4742
4741
4741
4740
4737
4737
4737
4734
4733
4731
4730
4729
4728
4728
4726
4726
4725
4724
4723
4722
4722
4721
4721
4717
4713
4713
4711
4711
4710
4709
4708
4707
4705
4705
4703
4703
4702
4699
4698
4698
4697
4694
4694
4693
4692
4692
4691
4690
4690
4690
4689
4689
4689
4688
4688
4687
4685
4684
4681
4681
4681
4677
4677
4676
4676
4674
4673
4671
4670
4669
4668
4668
4667
4664
4663
4663
4662
4662
4660
4659
4659
4657
4656
4656
4655
4655
4655
4654
4652
4650
4648
4647
4646
4646
4644
4643
4643
4640
4640
4638
4638
4635
4635
4635
4633
4633
4633
4629
4628
4628
4627
4627
4626
4625
4625
4624
4622
4621
4621
4620
4619
4614
4613
4612
4612
4611
4608
4608
4607
4606
4604
4603
4599
4598
4598
4598
4597
4596
4596
4593
4593
4593
4592
4590
4589
4588
4587
4586
4585
4585
4585
4584
4584
4584
4583
4583
4582
4582
4581
4579
4579
4577
4575
4571
4571
4570
4570
4570
4569
4567
4567
4565
4564
4561
4561
4561
4561
4560
4560
4558
4558
4557
4557
4556
4556
4556
4555
4554
4552
4550
4549
4547
4542
4540
4539
4539
4538
4538
4538
4537
4537
4536
4536
4535
4535
4534
4533
4531
4530
4530
4527
4527
4527
4524
4523
4521
4521
4515
4515
4514
4514
4513
4512
4512
4511
4510
4510
4509
4508
4505
4504
4501
4501
4500
4499
4498
4498
4495
4495
4494
4492
4489
4487
4486
4486
4486
4484
4484
4483
4482
4482
4480
4480
4479
4477
4477
4473
4472
4472
4472
4470
4469
4467
4467
4466
4464
4463
4463
4462
4461
4461
4460
4459
4454
4453
4452
4452
4448
4447
4446
4445
4441
4440
4439
4439
4439
4438
4437
4437
4435
4433
4433
4433
4432
4432
4432
4432
4431
4430
4430
4430
4429
4429
4426
4424
4423
4422
4421
4420
4419
4419
4416
4415
4414
4414
4413
4412
4411
4411
4410
4410
4405
4403
4403
4401
4401
4401
4401
4400
4400
4400
4398
4398
4397
4396
4396
4395
4394
4394
4391
4391
4391
4390
4389
4388
4388
4387
4386
4384
4384
4382
4381
4381
4381
4381
4380
4379
4379
4378
4376
4375
4369
4369
4367
4367
4367
4366
4365
4365
4365
4364
4363
4363
4363
4360
4357
4356
4356
4355
4354
4354
4354
4353
4352
4350
4348
4348
4347
4345
4344
4343
4343
4340
4339
4339
4338
4333
4330
4329
4328
4327
4326
4325
4324
4324
4324
4322
4322
4321
4319
4319
4319
4319
4317
4317
4317
4315
4315
4314
4314
4314
4313
4309
4308
4308
4308
4308
4305
4304
4303
4301
4298
4297
4297
4296
4294
4294
4292
4292
4291
4290
4289
4286
4285
4285
4284
4284
4283
4283
4283
4282
4281
4280
4277
4276
4272
4272
4272
4271
4270
4269
4267
4266
4265
4265
4265
4264
4263
4263
4263
4262
4261
4261
4261
4260
4260
4260
4259
4259
4255
4255
4254
4254
4254
4249
4249
4248
4247
4247
4244
4243
4240
4238
4237
4237
4236
4236
4236
4233
4232
4232
4231
4229
4228
4228
4228
4227
4226
4224
4224
4223
4223
4223
4221
4220
4219
4219
4216
4216
4215
4214
4213
4213
4212
4212
4211
4209
4208
4208
4207
4207
4205
4204
4203
4201
4201
4200
4200
4196
4195
4194
4194
4193
4192
4192
4192
4192
4188
4188
4188
4187
4185
4184
4180
4179
4179
4179
4179
4178
4178
4177
4176
4175
4174
4171
4171
4168
4168
4167
4166
4165
4164
4163
4163
4162
4161
4158
4156
4156
4155
4153
4153
4149
4149
4148
4147
4146
4145
4145
4143
4143
4143
4140
4140
4140
4139
4139
4139
4138
4137
4135
4134
4134
4134
4133
4132
4131
4131
4128
4128
4126
4126
4126
4124
4121
4121
4116
4116
4115
4114
4113
4112
4110
4110
4108
4107
4106
4106
4106
4105
4104
4103
4099
4098
4097
4096
4096
4094
4090
4090
4090
4089
4088
4087
4084
4084
4084
4084
4083
4081
4081
4081
4080
4079
4079
4078
4077
4076
4074
4071
4069
4067
4065
4065
4063
4062
4062
4057
4056
4056
4054
4052
4052
4052
4051
4049
4048
4047
4045
4040
4039
4038
4037
4037
4036
4033
4032
4032
4030
4029
4029
4027
4027
4026
4025
4025
4024
4023
4023
4022
4017
4016
4015
4013
4013
4011
4010
4010
4009
4009
4008
4007
4007
4007
4007
4003
4002
4000
3997
3994
3992
3992
3991
3991
3990
3989
3989
3988
3987
3987
3986
3986
3986
3986
3986
3985
3984
3982
3982
3979
3976
3976
3973
3972
3971
3971
3970
3969
3965
3964
3963
3961
3960
3960
3960
3960
3959
3959
3954
3954
3952
3952
3951
3949
3948
3947
3946
3944
3943
3942
3941
3940
3939
3939
3938
3937
3937
3936
3936
3935
3934
3934
3933
3932
3931
3931
3930
3929
3927
3927
3925
3924
3923
3923
3923
3922
3920
3919
3919
3918
3917
3917
3917
3913
3912
3912
3910
3910
3909
3908
3907
3906
3904
3902
3901
3901
3900
3900
3899
3897
3896
3895
3893
3891
3891
3890
3890
3887
3886
3885
3885
3885
3884
3883
3882
3881
3880
3880
3879
3878
3877
3877
3875
3874
3874
3873
3872
3871
3870
3869
3868
3867
3867
3866
3866
3865
3864
3863
3861
3855
3853
3853
3853
3853
3852
3851
3850
3849
3848
3848
3847
3846
3844
3843
3842
3842
3841
3838
3836
3835
3832
3831
3830
3829
3828
3824
3824
3824
3823
3823
3821
3820
3819
3818
3818
3816
3815
3812
3810
3809
3809
3808
3808
3806
3806
3806
3806
3806
3805
3801
3801
3800
3800
3799
3799
3798
3797
3797
3796
3789
3788
3787
3786
3786
3786
3784
3784
3783
3782
3782
3781
3780
3779
3778
3776
3776
3773
3773
3771
3769
3769
3769
3768
3767
3765
3764
3762
3760
3760
3757
3756
3756
3756
3756
3754
3752
3749
3747
3746
3743
3742
3741
3740
3739
3739
3739
3738
3737
3737
3737
3737
3735
3733
3733
3731
3730
3727
3725
3724
3723
3722
3722
3722
3721
3720
3720
3719
3718
3715
3714
3712
3712
3705
3703
3702
3702
3701
3699
3699
3698
3698
3696
3695
3695
3694
3693
3693
3693
3692
3692
3692
3692
3691
3690
3689
3689
3688
3688
3688
3686
3684
3681
3681
3681
3680
3679
3677
3676
3676
3675
3675
3674
3674
3672
3671
3670
3667
3664
3664
3663
3663
3662
3661
3661
3658
3657
3656
3654
3654
3653
3650
3649
3648
3648
3643
3643
3643
3643
3643
3643
3642
3641
3641
3641
3640
3638
3638
3638
3635
3635
3633
3633
3631
3630
3628
3627
3626
3626
3626
3626
3625
3624
3623
3623
3623
3622
3621
3619
3619
3617
3617
3617
3615
3615
3615
3614
3613
3612
3612
3611
3611
3611
3610
3610
3610
3604
3604
3602
3602
3602
3600
3600
3599
3599
3598
3598
3597
3595
3595
3594
3593
3593
3592
3591
3590
3587
3587
3587
3587
3586
3585
3585
3584
3579
3579
3575
3574
3573
3573
3572
3572
3572
3571
3566
3565
3563
3562
3561
3558
3558
3557
3554
3554
3553
3550
3547
3547
3545
3544
3539
3538
3538
3538
3538
3537
3536
3536
3536
3536
3533
3532
3530
3530
3530
3529
3528
3528
3527
3525
3524
3523
3523
3523
3522
3517
3516
3516
3514
3513
3513
3511
3510
3509
3508
3507
3506
3505
3504
3503
3500
3499
3497
3497
3496
3496
3495
3495
3493
3492
3489
3488
3487
3485
3485
3484
3484
3484
3483
3483
3483
3482
3481
3480
3479
3478
3475
3472
3470
3469
3468
3468
3466
3465
3464
3464
3463
3463
3463
3462
3462
3460
3460
3459
3458
3457
3457
3456
3455
3455
3454
3453
3452
3449
3448
3447
3446
3446
3446
3446
3445
3444
3443
3442
3441
3440
3435
3432
3432
3431
3430
3429
3429
3428
3428
3428
3427
3424
3423
3423
3421
3421
3419
3419
3418
3417
3416
3408
3408
3407
3406
3406
3405
3405
3404
3404
3402
3402
3401
3400
3399
3399
3398
3398
3396
3394
3394
3391
3389
3389
3388
3387
3385
3382
3382
3380
3379
3379
3377
3376
3374
3371
3369
3369
3368
3368
3367
3367
3365
3365
3363
3363
3361
3360
3359
3359
3358
3358
3357
3356
3356
3355
3354
3353
3353
3351
3351
3350
3350
3349
3348
3346
3345
3345
3343
3343
3337
3334
3334
3334
3332
3329
3328
3327
3327
3324
3322
3322
3321
3321
3321
3318
3317
3317
3317
3316
3315
3315
3310
3310
3309
3309
3309
3308
3307
3306
3306
3304
3303
3303
3302
3301
3300
3299
3299
3298
3298
3295
3295
3295
3295
3294
3291
3290
3288
3287
3286
3285
3283
3282
3281
3280
3280
3279
3278
3276
3276
3276
3274
3271
3270
3269
3268
3267
3266
3266
3266
3265
3265
3265
3264
3263
3263
3262
3262
3259
3259
3258
3257
3257
3256
3255
3255
3254
3253
3252
3250
3249
3248
3248
3248
3248
3247
3245
3245
3243
3242
3240
3238
3238
3237
3236
3236
3234
3234
3234
3234
3230
3229
3228
3227
3227
3227
3227
3227
3227
3226
3225
3225
3223
3223
3223
3221
3220
3220
3217
3216
3215
3215
3215
3214
3213
3211
3210
3209
3208
3208
3207
3206
3205
3204
3204
3204
3203
3198
3197
3196
3196
3193
3193
3191
3191
3190
3190
3189
3189
3188
3188
3187
3187
3183
3183
3180
3180
3178
3177
3177
3175
3175
3175
3174
3173
3172
3171
3170
3169
3169
3169
3168
3168
3167
3166
3165
3163
3163
3163
3162
3161
3159
3157
3156
3156
3156
3156
3156
3154
3152
3152
3150
3148
3147
3145
3145
3144
3144
3143
3142
3141
3140
3140
3139
3135
3135
3135
3133
3133
3130
3130
3128
3127
3127
3127
3127
3126
3126
3126
3126
3123
3122
3122
3118
3116
3115
3114
3112
3110
3108
3108
3107
3107
3106
3105
3104
3104
3102
3101
3101
3100
3099
3099
3099
3098
3096
3094
3094
3093
3092
3090
3089
3089
3087
3086
3084
3083
3081
3080
3079
3076
3075
3074
3071
3071
3070
3069
3069
3068
3067
3065
3062
3061
3060
3060
3060
3059
3059
3058
3058
3056
3056
3055
3050
3050
3050
3048
3047
3047
3045
3042
3040
3035
3034
3033
3032
3032
3032
3031
3031
3029
3029
3026
3026
3026
3026
3025
3025
3024
3024
3024
3024
3022
3021
3019
3019
3016
3015
3015
3013
3013
3013
3012
3012
3011
3009
3008
3006
3005
3005
3003
3001
3000
2999
2999
2998
2996
2996
2995
2995
2992
2991
2987
2986
2986
2986
2985
2985
2984
2984
2983
2983
2982
2981
2981
2980
2980
2978
2977
2976
2975
2973
2973
2973
2972
2972
2967
2967
2966
2965
2964
2963
2963
2963
2961
2961
2961
2957
2957
2956
2955
2954
2954
2953
2951
2951
2950
2949
2948
2948
2948
2948
2947
2947
2946
2945
2943
2940
2940
2940
2939
2938
2937
2935
2933
2931
2929
2926
2926
2924
2922
2921
2920
2919
2919
2918
2917
2915
2915
2914
2914
2914
2912
2911
2911
2907
2905
2904
2904
2902
2901
2901
2900
2899
2899
2898
2897
2896
2896
2894
2894
2892
2890
2890
2890
2890
2889
2889
2888
2888
2888
2887
2887
2887
2886
2885
2885
2884
2884
2883
2883
2882
2881
2879
2877
2874
2871
2870
2868
2868
2868
2867
2866
2866
2865
2865
2865
2864
2863
2863
2862
2862
2861
2861
2861
2859
2859
2858
2858
2856
2853
2853
2852
2852
2852
2851
2849
2847
2846
2845
2842
2841
2841
2840
2835
2835
2834
2830
2827
2826
2825
2825
2825
2823
2820
2816
2815
2813
2812
2812
2811
2810
2808
2808
2807
2804
2804
2803
2802
2801
2799
2798
2797
2796
2796
2795
2795
2795
2794
2793
2792
2791
2791
2791
2789
2787
2787
2786
2786
2785
2785
2783
2781
2780
2779
2778
2776
2776
2772
2772
2772
2771
2769
2769
2769
2767
2766
2766
2765
2765
2762
2757
2756
2755
2754
2754
2753
2752
2746
2740
2739
2739
2738
2738
2738
2737
2737
2735
2734
2734
2734
2734
2733
2731
2731
2729
2728
2728
2728
2728
2726
2726
2725
2725
2724
2724
2723
2722
2722
2721
2720
2720
2719
2718
2716
2714
2713
2708
2707
2707
2706
2703
2700
2697
2697
2696
2695
2693
2692
2692
2692
2690
2690
2689
2687
2687
2686
2686
2684
2684
2681
2681
2681
2681
2679
2678
2678
2677
2677
2676
2676
2675
2675
2674
2673
2670
2669
2669
2668
2667
2666
2665
2665
2663
2662
2661
2661
2660
2659
2659
2658
2656
2655
2654
2653
2652
2651
2651
2650
2649
2648
2647
2647
2646
2646
2642
2641
2641
2640
2640
2639
2638
2638
2638
2637
2636
2636
2635
2633
2631
2629
2629
2629
2628
2626
2621
2619
2618
2617
2616
2615
2613
2612
2611
2610
2610
2609
2609
2608
2604
2603
2603
2602
2602
2598
2598
2597
2597
2596
2592
2591
2590
2589
2588
2586
2586
2586
2585
2584
2583
2583
2582
2582
2580
2574
2574
2572
2568
2567
2567
2567
2565
2564
2564
2563
2563
2562
2561
2556
2556
2555
2553
2553
2552
2552
2550
2547
2546
2541
2539
2538
2536
2535
2533
2531
2530
2529
2528
2527
2526
2524
2524
2522
2522
2522
2522
2520
2520
2520
2519
2518
2517
2516
2514
2514
2513
2511
2511
2508
2507
2507
2506
2506
2505
2504
2503
2498
2497
2496
2495
2495
2493
2492
2492
2492
2492
2490
2489
2489
2488
2487
2485
2483
2482
2480
2480
2479
2474
2470
2469
2467
2465
2465
2465
2465
2464
2464
2458
2458
2457
2455
2455
2455
2454
2453
2453
2448
2447
2447
2447
2446
2445
2444
2443
2442
2442
2441
2439
2434
2433
2430
2430
2429
2428
2427
2426
2424
2423
2423
2422
2422
2421
2420
2420
2419
2418
2418
2417
2417
2416
2413
2411
2409
2408
2407
2405
2403
2401
2401
2400
2399
2398
2398
2398
2397
2396
2396
2395
2393
2393
2393
2392
2391
2390
2389
2387
2387
2385
2385
2384
2383
2382
2382
2381
2378
2376
2372
2372
2372
2370
2368
2366
2357
2356
2352
2352
2352
2352
2351
2351
2351
2351
2350
2350
2350
2349
2349
2348
2348
2346
2345
2345
2344
2342
2341
2341
2339
2339
2337
2336
2336
2334
2334
2333
2333
2331
2327
2327
2327
2327
2326
2326
2326
2325
2324
2324
2323
2322
2320
2320
2319
2315
2315
2314
2314
2313
2313
2312
2312
2311
2308
2308
2306
2305
2304
2304
2304
2302
2302
2300
2300
2300
2300
2299
2296
2295
2294
2294
2294
2293
2292
2292
2292
2290
2289
2289
2289
2287
2287
2286
2283
2282
2275
2271
2271
2271
2270
2267
2267
2267
2265
2263
2261
2259
2254
2254
2252
2252
2251
2251
2250
2250
2249
2248
2248
2246
2245
2244
2244
2243
2242
2242
2239
2239
2238
2238
2238
2237
2236
2236
2235
2234
2231
2229
2229
2227
2225
2225
2221
2221
2221
2220
2220
2219
2218
2217
2215
2211
2211
2211
2210
2210
2209
2208
2207
2207
2207
2206
2204
2202
2200
2198
2198
2198
2198
2198
2197
2197
2191
2190
2189
2189
2189
2189
2189
2186
2186
2185
2184
2183
2182
2181
2179
2179
2179
2178
2177
2176
2175
2175
2174
2173
2172
2171
2167
2166
2165
2164
2164
2160
2160
2159
2159
2159
2158
2158
2156
2156
2154
2154
2153
2151
2150
2150
2150
2149
2149
2148
2147
2146
2144
2144
2144
2143
2142
2140
2140
2139
2136
2135
2135
2133
2132
2131
2131
2130
2129
2128
2125
2124
2123
2123
2119
2117
2117
2115
2115
2114
2114
2114
2114
2110
2109
2109
2109
2108
2108
2107
2107
2106
2105
2104
2103
2103
2102
2100
2099
2098
2098
2095
2095
2095
2093
2092
2090
2089
2088
2087
2086
2086
2085
2084
2083
2083
2083
2083
2082
2081
2080
2079
2078
2078
2074
2074
2073
2073
2069
2068
2066
2066
2066
2064
2064
2064
2063
2063
2061
2060
2060
2059
2059
2059
2058
2056
2056
2055
2053
2052
2052
2051
2048
2044
2043
2042
2041
2041
2041
2041
2041
2040
2040
2040
2039
2039
2038
2037
2036
2035
2033
2030
2027
2027
2026
2025
2024
2024
2022
2021
2019
2019
2019
2017
2017
2014
2014
2014
2013
2013
2013
2010
2009
2008
2006
2002
2002
2002
2001
1999
1999
1998
1998
1998
1995
1994
1994
1994
1994
1992
1991
1989
1989
1988
1987
1987
1981
1980
1979
1978
1978
1978
1978
1976
1975
1974
1974
1973
1971
1971
1970
1969
1969
1969
1969
1969
1968
1965
1964
1964
1964
1964
1963
1963
1962
1961
1961
1960
1959
1958
1957
1956
1955
1954
1953
1950
1950
1949
1948
1948
1948
1943
1943
1942
1941
1938
1938
1935
1933
1932
1932
1932
1931
1928
1926
1925
1924
1923
1923
1919
1919
1918
1918
1918
1918
1916
1916
1914
1913
1913
1912
1912
1909
1906
1906
1904
1903
1901
1900
1900
1899
1896
1894
1892
1889
1887
1887
1886
1886
1885
1885
1885
1885
1882
1879
1879
1879
1879
1877
1876
1875
1874
1873
1872
1871
1867
1863
1861
1861
1861
1861
1860
1860
1860
1859
1859
1858
1857
1857
1855
1854
1854
1854
1853
1852
1852
1851
1847
1847
1846
1846
1844
1844
1844
1843
1843
1842
1841
1840
1837
1834
1834
1833
1832
1832
1830
1830
1830
1827
1827
1826
1826
1826
1825
1821
1821
1820
1819
1819
1818
1818
1818
1816
1815
1815
1815
1813
1811
1811
1811
1809
1805
1803
1801
1801
1800
1799
1799
1798
1797
1796
1795
1793
1790
1790
1788
1786
1785
1783
1783
1782
1781
1780
1780
1778
1777
1776
1774
1772
1771
1770
1768
1767
1765
1765
1764
1761
1757
1757
1757
1756
1755
1755
1755
1745
1744
1744
1743
1742
1740
1740
1740
1740
1740
1740
1739
1738
1737
1737
1735
1734
1734
1733
1732
1731
1731
1730
1729
1727
1726
1726
1725
1724
1724
1722
1721
1721
1721
1720
1718
1716
1713
1712
1709
1708
1708
1706
1706
1706
1706
1705
1705
1705
1705
1704
1704
1702
1700
1700
1698
1698
1697
1697
1694
1694
1694
1692
1691
1687
1684
1684
1682
1681
1679
1678
1678
1677
1675
1674
1674
1673
1671
1671
1669
1669
1668
1667
1666
1666
1665
1665
1664
1662
1661
1661
1660
1659
1658
1658
1657
1657
1656
1656
1655
1654
1654
1652
1651
1650
1650
1649
1649
1649
1645
1645
1643
1643
1642
1640
1639
1639
1639
1638
1638
1636
1636
1635
1634
1632
1631
1631
1629
1627
1627
1626
1625
1625
1624
1624
1621
1619
1619
1618
1616
1616
1615
1613
1613
1611
1603
1602
1601
1601
1601
1599
1599
1598
1598
1597
1597
1597
1597
1597
1596
1595
1593
1593
1591
1589
1589
1587
1587
1587
1586
1586
1585
1583
1582
1582
1582
1581
1581
1580
1580
1579
1577
1574
1574
1571
1571
1570
1570
1570
1570
1569
1569
1567
1567
1565
1565
1564
1564
1561
1561
1560
1560
1559
1558
1558
1557
1556
1551
1550
1549
1547
1546
1545
1543
1543
1540
1540
1539
1538
1538
1533
1532
1532
1530
1530
1529
1529
1527
1526
1526
1524
1523
1522
1522
1522
1518
1518
1517
1517
1516
1515
1514
1514
1513
1512
1510
1509
1509
1508
1507
1503
1503
1502
1501
1501
1500
1494
1494
1491
1489
1487
1487
1486
1485
1484
1482
1481
1480
1480
1480
1477
1477
1475
1475
1475
1473
1472
1472
1472
1470
1469
1469
1469
1468
1466
1465
1465
1460
1457
1455
1454
1454
1454
1453
1452
1452
1452
1452
1450
1448
1448
1447
1447
1446
1446
1445
1445
1443
1443
1443
1442
1441
1440
1438
1437
1437
1435
1435
1430
1428
1428
1427
1426
1424
1424
1423
1423
1421
1420
1419
1418
1417
1414
1413
1411
1407
1407
1405
1403
1402
1402
1401
1401
1396
1396
1396
1393
1391
1391
1391
1391
1390
1390
1389
1388
1388
1388
1387
1387
1386
1386
1383
1383
1383
1383
1382
1381
1379
1376
1376
1371
1371
1371
1371
1370
1369
1367
1367
1367
1366
1365
1365
1365
1363
1362
1361
1360
1359
1359
1358
1356
1352
1351
1350
1350
1350
1348
1346
1345
1344
1344
1344
1344
1342
1342
1342
1341
1341
1341
1341
1341
1340
1340
1339
1339
1338
1337
1335
1332
1328
1325
1325
1325
1324
1323
1322
1321
1321
1319
1319
1316
1315
1314
1313
1312
1311
1308
1308
1305
1305
1305
1304
1303
1302
1297
1297
1296
1296
1293
1291
1291
1290
1290
1289
1287
1286
1285
1282
1281
1281
1280
1279
1278
1276
1272
1272
1271
1270
1269
1268
1267
1266
1265
1263
1260
1260
1260
1259
1258
1257
1255
1255
1255
1255
1255
1253
1252
1252
1251
1251
1250
1250
1247
1247
1247
1246
1244
1244
1242
1240
1239
1239
1238
1237
1237
1236
1235
1234
1232
1232
1232
1229
1228
1228
1227
1225
1223
1221
1220
1219
1219
1217
1216
1215
1214
1214
1213
1211
1211
1210
1207
1205
1204
1203
1201
1197
1193
1193
1193
1193
1193
1193
1193
1191
1190
1187
1187
1187
1187
1186
1186
1186
1186
1184
1184
1184
1183
1182
1181
1179
1176
1175
1174
1173
1170
1169
1169
1164
1164
1163
1160
1160
1159
1158
1158
1158
1158
1158
1157
1157
1157
1155
1154
1153
1151
1150
1149
1148
1146
1146
1145
1145
1143
1143
1141
1140
1140
1139
1139
1138
1137
1136
1136
1135
1134
1132
1131
1131
1131
1129
1128
1127
1124
1124
1122
1121
1121
1120
1120
1120
1119
1118
1118
1116
1116
1116
1115
1115
1113
1113
1112
1111
1111
1110
1109
1109
1108
1105
1105
1104
1098
1097
1094
1093
1092
1092
1092
1091
1089
1089
1089
1087
1087
1084
1083
1083
1082
1082
1082
1082
1082
1081
1077
1076
1076
1075
1074
1073
1072
1071
1066
1064
1063
1062
1062
1061
1061
1061
1061
1060
1060
1060
1059
1059
1058
1058
1056
1056
1055
1051
1050
1050
1049
1049
1048
1048
1044
1044
1043
1043
1042
1042
1042
1041
1041
1041
1040
1040
1038
1037
1036
1036
1035
1033
1032
1030
1030
1030
1029
1024
1024
1023
1023
1023
1022
1020
1020
1019
1019
1019
1018
1018
1018
1017
1015
1014
1014
1009
1008
1008
1008
1007
1004
1004
1003
998
995
995
991
991
991
989
988
988
985
985
984
983
983
982
982
980
979
978
977
977
977
977
976
975
974
973
973
973
972
972
971
970
970
970
969
969
969
969
969
968
966
964
961
960
959
958
958
957
956
955
955
953
953
953
951
950
949
949
948
945
945
944
944
943
943
942
941
941
941
940
939
938
937
937
935
935
934
933
931
927
924
923
921
921
921
920
920
920
920
919
919
918
918
916
916
915
915
914
912
912
909
909
907
907
906
905
905
905
904
903
902
902
900
899
898
898
897
897
896
896
895
894
892
892
886
886
885
884
883
879
877
875
871
870
868
868
868
867
866
866
865
863
862
861
861
861
861
861
860
858
855
854
854
853
850
849
849
848
847
846
845
844
842
842
841
841
839
839
839
838
837
837
834
833
832
832
832
831
831
830
830
829
829
829
828
828
828
827
827
826
826
826
825
825
824
824
823
819
819
819
815
813
813
812
811
811
809
809
808
804
804
804
803
803
803
802
802
801
801
801
800
797
796
796
795
793
790
790
789
788
786
786
786
785
783
781
779
779
776
776
776
776
776
775
775
775
772
771
770
769
768
766
765
764
763
763
762
761
760
760
760
760
759
758
756
756
754
754
754
753
753
751
751
748
747
747
747
745
744
744
743
740
740
738
737
736
735
735
735
735
735
734
733
731
731
728
726
726
726
726
725
725
722
722
721
721
721
718
717
714
713
713
712
710
710
705
704
700
700
697
695
694
693
690
689
687
687
687
687
686
686
685
682
681
679
678
678
677
675
674
674
673
672
671
671
670
668
667
665
665
664
663
662
661
661
660
660
659
658
658
658
657
656
651
651
651
650
650
648
648
645
645
644
644
644
644
643
642
641
641
638
636
634
634
632
630
630
629
629
628
627
627
625
623
623
623
622
621
621
619
619
616
616
615
615
614
614
613
612
611
609
606
604
604
602
599
599
597
596
596
595
595
593
590
589
589
587
586
586
586
584
582
581
580
580
579
578
578
578
577
577
577
577
577
577
575
574
574
573
573
573
571
569
568
567
565
564
564
564
564
561
561
560
557
557
556
555
555
552
551
549
547
547
545
544
543
543
540
540
538
537
537
535
534
534
534
532
530
528
528
527
526
526
523
523
522
521
519
519
519
518
518
518
518
518
517
517
515
515
514
514
513
512
511
510
510
509
509
508
507
506
503
503
503
502
502
501
501
500
500
500
499
498
497
496
496
493
492
492
490
490
488
487
486
486
484
484
482
481
479
477
476
476
475
475
475
474
473
473
470
469
464
464
463
462
461
461
460
457
455
455
453
452
451
450
449
447
446
445
445
444
443
443
443
443
442
442
439
437
436
435
434
433
432
432
431
431
430
430
428
427
426
424
423
422
421
419
415
415
415
414
414
413
411
410
410
407
407
407
404
404
404
401
400
399
398
397
395
395
394
394
394
393
392
392
391
391
391
390
389
387
386
385
385
385
384
382
381
381
380
380
379
378
378
378
376
375
375
374
374
373
373
372
370
370
370
370
369
367
364
364
362
360
360
360
359
358
358
356
355
354
354
353
352
350
349
349
349
348
346
346
344
344
344
343
343
342
340
340
338
336
334
334
333
332
331
331
330
330
329
327
327
326
325
324
324
323
323
322
320
320
320
319
318
318
317
317
313
313
311
311
311
310
309
309
309
309
308
308
307
303
301
300
300
299
295
294
293
293
293
292
291
291
290
288
288
287
287
286
286
285
285
284
283
281
280
277
277
275
275
275
272
271
266
265
264
264
262
260
258
258
257
256
256
255
254
254
253
253
252
251
249
248
246
246
246
244
244
244
242
236
236
235
235
235
234
233
231
229
226
226
225
224
224
223
222
220
220
219
219
218
218
217
217
215
214
212
206
205
203
203
202
201
200
200
199
197
194
193
191
191
190
189
188
187
187
186
185
185
184
181
179
179
178
178
178
177
176
173
170
169
169
168
167
166
166
166
166
163
163
161
161
159
158
158
156
154
153
153
152
152
151
151
151
150
149
148
145
144
144
144
142
141
140
140
140
139
139
137
136
135
132
130
128
126
126
125
123
121
119
118
117
117
116
116
113
112
111
111
110
110
110
110
108
107
106
105
105
103
103
103
102
100
99
99
97
95
94
93
93
93
91
91
90
89
89
87
86
86
85
84
81
80
80
76
75
75
75
75
74
73
73
72
72
71
70
69
69
68
68
67
66
66
66
62
61
60
60
59
58
57
56
55
52
47
47
46
46
44
43
41
41
40
40
39
39
38
35
34
34
33
32
32
32
32
30
29
29
28
28
28
28
27
26
26
25
25
24
24
24
20
16
16
16
16
15
12
11
9
8
8
7
7
7
6
6
5
2
2
1
