5
8
16
16
24
26
35
47
56
61
93
95
99
106
108
140
145
151
153
159
161
178
191
194
199
205
224
225
233
246
251
254
287
293
300
318
323
324
331
333
344
350
354
354
355
367
370
378
380
385
391
394
464
474
475
482
487
501
506
508
512
515
521
534
543
549
557
564
575
578
579
599
619
621
648
650
651
665
668
675
685
693
718
722
725
758
760
760
763
775
776
788
797
809
812
826
828
828
833
845
847
867
898
916
918
920
933
938
944
948
955
958
959
960
968
969
969
970
973
988
991
1018
1018
1020
1024
1041
1043
1044
1044
1050
1056
1058
1062
1072
1076
1083
1105
1116
1116
1121
1134
1139
1179
1187
1213
1214
1219
1246
1252
1255
1268
1279
1285
1287
1304
1313
1314
1338
1341
1342
1344
1359
1360
1367
1383
1388
1401
1402
1414
1427
1437
1452
1455
1475
1491
1529
1558
1561
1570
1582
1587
1597
1616
1638
1654
1655
1657
1661
1665
1666
1671
1678
1705
1706
1724
1726
1730
1772
1777
1782
1805
1813
1821
1846
1854
1860
1861
1886
1912
1913
1932
1932
1935
1963
1964
1965
1978
1978
1999
2013
2033
2059
2069
2081
2083
2086
2088
2089
2095
2114
2130
2136
2142
2144
2146
2149
2164
2177
2189
2198
2198
2209
2221
2234
2244
2245
2254
2296
2299
2306
2314
2319
2320
2322
2323
2333
2351
2389
2395
2397
2399
2413
2416
2418
2423
2426
2429
2430
2434
2488
2504
2547
2583
2586
2588
2604
2635
2639
2684
2689
2714
2728
2754
2765
2771
2795
2811
2852
2858
2886
2887
2888
2890
2914
2918
2926
2938
2947
2948
2957
2961
2963
2985
2985
3012
3013
3025
3026
3075
3081
3083
3084
3089
3094
3101
3116
3127
3133
3141
3144
3163
3168
3187
3190
3191
3196
3196
3204
3209
3210
3214
3217
3220
3227
3227
3250
3259
3262
3266
3269
3280
3282
3283
3290
3294
3316
3322
3334
3355
3363
3382
3402
3423
3429
3443
3453
3470
3481
3484
3492
3495
3497
3514
3516
3528
3530
3533
3536
3553
3557
3604
3623
3625
3633
3640
3643
3648
3653
3654
3670
3689
3692
3696
3698
3702
3712
3733
3739
3740
3743
3756
3764
3765
3768
3781
3789
3806
3806
3806
3824
3829
3835
3882
3884
3885
3891
3896
3913
3919
3939
3951
3960
3963
3973
4007
4032
4047
4090
4096
4107
4114
4132
4139
4149
4155
4188
4211
4216
4229
4272
4313
4314
4315
4317
4319
4322
4324
4328
4343
4350
4353
4363
4379
4381
4388
4394
4400
4419
4432
4448
4453
4454
4470
4513
4534
4537
4539
4581
4584
4612
4625
4627
4638
4650
4659
4662
4664
4731
4755
4758
4782
4804
4808
4813
4816
4825
4828
4836
4857
4872
4876
4878
4884
4889
4891
4897
4904
4921
4922
4938
4942
4947
4950
4956
4967
4985
4986
4987
4993
5007
5009
5011
5030
5042
5044
5048
5049
5059
5097
5099
5146
5164
5170
5180
5187
5193
5198
5208
5211
5234
5240
5260
5263
5268
5279
5281
5296
5310
5313
5330
5353
5357
5359
5360
5366
5366
5368
5372
5382
5393
5409
5411
5417
5452
5468
5469
5478
5482
5500
5526
5528
5567
5568
5576
5592
5596
5596
5596
5597
5603
5625
5627
5629
5630
5639
5641
5652
5656
5663
5671
5674
5674
5693
5695
5696
5700
5706
5709
5714
5716
5719
5723
5725
5728
5729
5746
5752
5759
5777
5778
5780
5798
5807
5810
5816
5834
5844
5851
5858
5864
5889
5899
5909
5913
5931
5931
5952
5960
5970
5982
5995
6007
6012
6026
6028
6034
6052
6061
6066
6085
6109
6116
6127
6131
6132
6142
6165
6171
6180
6184
6186
6191
6198
6209
6210
6234
6235
6249
6261
6262
6270
6288
6289
6302
6311
6319
6326
6340
6349
6353
6354
6361
6373
6379
6381
6383
6384
6389
6413
6422
6423
6434
6439
6446
6447
6488
6496
6516
6526
6531
6538
6543
6544
6569
6581
6582
6607
6617
6625
6627
6627
6629
6655
6671
6688
6691
6696
6742
6749
6750
6769
6772
6790
6794
6794
6804
6821
6854
6868
6890
6910
6919
6948
6974
6988
7000
7007
7017
7026
7028
7029
7042
7058
7062
7064
7072
7073
7075
7077
7084
7098
7109
7121
7126
7132
7138
7142
7173
7191
7192
7197
7202
7206
7211
7229
7240
7254
7288
7296
7302
7327
7329
7331
7336
7340
7354
7357
7368
7377
7378
7387
7409
7415
7417
7426
7429
7439
7455
7459
7481
7499
7526
7527
7529
7551
7551
7567
7577
7593
7621
7655
7666
7667
7676
7692
7703
7719
7720
7730
7747
7749
7755
7772
7779
7789
7798
7809
7817
7850
7860
7873
7874
7875
7876
7877
7906
7908
7919
7923
7932
7962
7966
7984
7984
7989
8016
8021
8024
8031
8040
8050
8056
8079
8081
8109
8109
8128
8132
8134
8151
8197
8197
8208
8219
8236
8246
8248
8254
8268
8298
8306
8309
8309
8310
8310
8314
8321
8359
8384
8384
8386
8388
8390
8393
8397
8398
8404
8408
8415
8419
8423
8465
8470
8471
8487
8491
8500
8535
8544
8545
8547
8554
8567
8574
8576
8596
8601
8601
8604
8611
8617
8630
8649
8662
8687
8691
8695
8695
8695
8699
8734
8740
8785
8809
8812
8821
8840
8843
8851
8865
8870
8893
8909
8921
8923
8951
8962
9007
9022
9045
9051
9054
9057
9069
9100
9109
9130
9137
9140
9142
9149
9159
9159
9160
9183
9189
9194
9195
9199
9211
9218
9232
9240
9250
9266
9301
9301
9323
9323
9332
9346
9352
9355
9364
9375
9407
9410
9437
9439
9450
9458
9466
9470
9470
9477
9498
9498
9508
9517
9537
9559
9562
9564
9570
9570
9573
9586
9593
9610
9617
9653
9656
9658
9674
9681
9694
9695
9698
9710
9720
9749
9757
9762
9781
9805
9805
9816
9817
9842
9849
9850
9856
9864
9867
9867
9874
9890
9891
9916
9921
9925
9944
9946
9949
9950
9958
9958
9966
9997
10000
